1,2
2,1/3
3,1/4
4,4
5,1'3/4
6,1/4
7,1/4
8,1/8
9,1
10,3/5
11,0
12,2'1/4
13,1
14,1
15,2/9
16,0
17,1'1/2
18,2
19,3
20,2
21,8/21
22,3
23,3/10
24,1/3
25,5'1/2
26,8
27,1'1/2
28,1/2
29,0
30,0
31,5'1/2
32,2'1/2
33,1'1/3
34,2/3
35,1/4
36,3
37,3
38,1/2
39,2'1/2
40,2
41,2'1/12
42,1'1/2
43,1
44,2'1/2
45,1
46,5'1/2
47,1'1/2
48,0
49,1
50,5
51,0
52,2'1/2
53,1/2
54,1'1/2
55,1/2
56,1'1/2
57,1/8
58,3
59,3'1/2
60,0
61,1'1/2
62,1
63,3'1/4
64,1'1/4
65,2'1/4
66,0
67,1/2
68,3/8
69,5'1/2
70,3'1/2
71,2
72,1
73,4
74,0
75,1
76,0
77,1'1/2
78,1
79,5/8
80,2
81,4
82,1'5/6
83,4
84,3/4
85,5/6
86,1'1/3
87,2
88,1/3
89,1/4
90,0
91,0
92,1/2
93,1/2
94,1
95,4
96,1
97,2'1/4
98,1'1/2
99,0
100,1/4
101,1'1/4
102,1/4
103,1/2
104,2
105,1'1/2
106,3
107,1'1/4
108,2'1/2
109,1/3
110,6'1/2
111,1'7/8
112,1/2
113,1/2
114,4/7
115,0
116,1'1/4
117,2'1/2
118,1/6
119,2
120,5
121,1'2/3
122,4/7
123,1
124,1/2
125,1'5/8
126,2'1/2
127,1'1/2
128,3/4
129,1
130,1'3/4
131,1'1/2
132,1/2
133,1/6
134,1'1/2
135,3
136,2/3
137,2'1/2
138,1'1/2
139,2
140,3/4
141,1
142,4'2/3
143,0
144,4'1/2
145,6
146,3'1/2
147,1'1/6
148,0
149,2
150,0
151,1/4
152,1/2
153,0
154,2
155,0
156,2
157,1/2
158,2'1/2
159,3
160,0
161,3'1/3
162,6
163,1'1/6
164,2'1/3
165,3
166,1/2
167,1'1/2
168,2
169,1
170,1'1/2
171,1'1/2
172,1
173,2'1/2
174,2'1/2
175,1
176,2
177,8'1/2
178,1
179,3
180,2'1/4
181,4
182,1/2
183,1
184,1'1/2
185,0
186,2'1/2
187,1
188,1/2
189,0
190,2'1/3
191,1
192,2
193,1'1/2
194,2
195,1'1/2
196,0
197,1
198,1'1/2
199,1/4
200,0
201,1
202,3
203,1'3/4
204,1'1/6
205,1/4
206,2
207,1'1/2
208,4
209,3'3/4
210,1
211,1/3
212,1/8
213,1'1/3
214,1'5/8
215,1/2
216,1
217,1/8
218,1/2
219,5
220,1
221,1'1/2
222,1
223,0
224,1/2
225,1'2/3
226,0
227,1
228,1/2
229,1
230,1/5
231,2'1/2
232,1'3/4
233,2'1/2
234,1'5/12
235,1/2
236,5/8
237,2
238,1'1/2
239,3'1/2
240,3
241,1/2
242,2/5
243,1
244,3
245,1/2
246,2
247,3
248,1/2
249,1
250,0
251,1/2
252,2'1/3
253,4
254,1/4
255,2/3
256,2'1/2
257,1/2
258,2'1/2
259,1'1/3
260,0
261,3'1/2
262,3/4
263,3
264,4'1/2
265,2'1/2
266,1'1/2
267,1
268,3
269,0
270,3/4
271,1/3
272,2
273,1
274,5/6
275,2'1/2
276,2
277,1
278,2/3
279,0
280,4'1/2
281,3/8
282,1'1/2
283,9
284,3/8
285,1'1/3
286,5'1/2
287,1/4
288,1/2
289,1'1/2
290,4'1/2
291,6
292,2/3
293,1'1/2
294,5
295,2
296,3/4
297,0
298,4'1/2
299,2'2/3
300,1'1/2
301,1/8
302,1'1/4
303,3'1/2
304,2
305,5
306,0
307,3'1/2
308,2'1/4
309,0
310,1
311,2'1/4
312,2'1/2
313,3'1/2
314,2'5/6
315,0
316,1'5/6
317,1/2
318,3
319,3
320,1
321,2'1/2
322,0
323,2'1/4
324,7/8
325,0
326,1'1/2
327,1/7
328,1'1/2
329,1/6
330,1'1/4
331,1/2
332,6'1/2
333,0
334,1/2
335,2
336,2
337,0
338,2
339,1
340,1'1/4
341,1
342,1/4
343,1/4
344,3/4
345,2
346,1'1/3
347,1/8
348,1'1/8
349,3
350,3'1/2
351,2
352,3/4
353,3
354,6
355,4'1/2
356,5
357,1
358,1/2
359,1
360,9/10
361,2
362,1/2
363,1
364,0
365,1
366,3
367,1
368,1
369,1
370,0
371,1/2
372,5'1/2
373,3/4
374,3
375,2'1/4
376,1/4
377,1
378,2
379,5
380,5
381,1
382,1'1/4
383,2'2/3
384,2'3/4
385,1/2
386,0
387,3
388,1/2
389,1
390,1
391,0
392,3/4
393,1/4
394,1'1/2
395,0
396,1'1/2
397,0
398,0
399,0
400,3
401,2
402,2'1/8
403,2
404,2
405,4'1/2
406,1/2
407,1/2
408,0
409,1
410,2
411,2
412,3
413,2'1/4
414,1'1/2
415,1
416,1'13/18
417,4
418,1'1/2
419,6'2/3
420,0
421,1'1/4
422,3
423,2'5/8
424,0
425,9/16
426,3'1/2
427,2'1/2
428,3
429,6
430,0
431,1
432,2'1/2
433,3/8
434,1
435,3
436,3'1/2
437,1
438,3'1/2
439,1'1/2
440,1/4
441,1'1/2
442,2
443,0
444,1/6
445,1'1/2
446,0
447,2
448,1
449,2
450,2'1/2
451,1'1/2
452,3
453,1
454,6
455,0
456,2
457,1'1/3
458,4
459,4
460,2
461,1/2
462,2
463,3'1/2
464,1'3/4
465,2'1/2
466,2'1/6
467,0
468,2
469,1
470,1/4
471,4
472,1
473,2'2/3
474,0
475,3/4
476,0
477,1
478,3
479,2'1/2
480,2'3/4
481,1'1/2
482,6
483,1'1/2
484,4
485,2/3
486,3
487,3'1/2
488,3
489,2'2/3
490,3/5
491,3
492,2
493,1
494,5/6
495,2
496,1'1/4
497,1/4
498,1/4
499,2'1/4
500,2
501,1/4
502,12
503,1'1/2
504,1
505,1'1/2
506,1
507,2
508,2
509,4
510,4
511,1/4
512,1'1/2
513,0
514,1'3/5
515,2'1/2
516,1/3
517,1/2
518,1'3/8
519,4
520,2'1/2
521,2
522,1'1/2
523,1/2
524,0
525,2
526,4'3/4
527,3
528,4
529,0
530,3'1/2
531,1'1/2
532,1'1/8
533,1'1/2
534,2'1/2
535,0
536,4
537,3/4
538,2'3/4
539,3'1/2
540,1/3
541,0
542,2'1/12
543,8
544,5'1/2
545,1/5
546,9
547,1'3/4
548,2
549,1
550,4
551,1/3
552,1'1/2
553,1/2
554,3
555,2'1/4
556,1'1/4
557,1/2
558,1/4
559,1
560,3'1/2
561,1/2
562,1/4
563,1'1/4
564,1
565,3'1/2
566,2/3
567,0
568,2'1/2
569,2'1/2
570,0
571,1
572,3/4
573,1'5/12
574,6'3/4
575,2
576,0
577,0
578,0
579,2
580,3/4
581,1'1/2
582,0
583,1
584,3'1/3
585,0
586,1/8
587,4
588,4'2/3
589,4'1/2
590,3/4
591,1/6
592,2/3
593,1'1/2
594,3'1/3
595,1/2
596,3
597,12
598,2
599,3
600,1'11/16
601,1
602,1'1/2
603,1
604,1'1/2
605,1/2
606,1'1/2
607,1'1/8
608,1'1/4
609,1/2
610,1
611,1'1/2
612,1
613,4
614,3'1/2
615,1/2
616,3/4
617,1/4
618,0
619,1'1/2
620,1/2
621,1'1/2
622,4
623,0
624,5
625,1/4
626,1/2
627,2'1/2
628,6'1/2
629,2
630,1'1/3
631,1'1/4
632,3
633,4
634,1/2
635,1'1/2
636,2'1/2
637,2
638,2'1/4
639,3
640,1
641,4
642,3
643,1'1/2
644,2'1/2
645,1/3
646,1'1/2
647,2
648,2/3
649,1'1/4
650,1'1/2
651,2
652,5'1/2
653,1
654,1
655,1/2
656,2'1/2
657,1/4
658,2'1/2
659,2'3/4
660,1'1/4
661,0
662,3/8
663,2'1/2
664,1/4
665,3
666,1'1/2
667,1'1/2
668,1'3/4
669,2
670,3'1/2
671,0
672,1/2
673,3
674,1'1/2
675,2'1/6
676,1/4
677,1/2
678,1'3/4
679,1/16
680,2/3
681,2
682,3'1/2
683,1'1/2
684,1'1/4
685,1
686,3'1/2
687,4
688,2
689,1/2
690,2'1/2
691,2'1/4
692,3/4
693,2/3
694,0
695,4/9
696,1/4
697,2
698,3'1/2
699,4/5
700,3'1/2
701,3/4
702,4
703,2
704,1
705,5/6
706,1
707,1/2
708,1
709,0
710,0
711,3
712,1
713,0
714,5
715,1/2
716,1/2
717,3
718,3/4
719,0
720,1
721,2'1/2
722,1'1/4
723,3
724,3/4
725,6
726,3/16
727,5
728,1/2
729,2/3
730,1
731,1/4
732,0
733,1'1/4
734,6
735,2'1/2
736,1
737,1/4
738,1'1/4
739,1'1/3
740,2'2/3
741,1/7
742,2
743,1'1/2
744,1'1/2
745,4
746,1
747,3
748,3
749,2
750,0
751,0
752,1
753,2
754,4
755,1
756,0
757,1/8
758,1
759,4
760,1/2
761,1/2
762,1
763,1
764,1/2
765,4'1/2
766,2
767,1
768,0
769,2'1/2
770,1
771,0
772,1'1/8
773,1
774,4
775,0
776,3'1/2
777,1/2
778,1'1/2
779,1'1/2
780,1
781,2'1/4
782,1'5/6
783,2'1/2
784,2'1/4
785,5'1/2
786,0
787,3/4
788,0
789,2
790,1
791,1
792,4
793,2
794,2'1/2
795,4
796,3/4
797,2
798,1'1/3
799,1'1/2
800,1/2
801,3/4
802,3
803,1/2
804,1'1/2
805,3/8
806,2
807,1'1/2
808,0
809,1/2
810,3/4
811,1/2
812,1
813,1
814,5
815,2
816,2
817,0
818,3/4
819,1'3/4
820,3/4
821,1'5/6
822,1/2
823,2'1/6
824,2'1/2
825,3'1/2
826,1'1/2
827,3
828,3
829,4
830,0
831,3
832,2
833,1/2
834,1'3/4
835,1
836,4
837,2
838,0
839,1
840,3'1/4
841,0
842,1'3/4
843,2'1/2
844,3
845,2
846,3
847,4'1/2
848,4
849,3'1/6
850,1
851,2
852,1'3/4
853,1/4
854,2'1/3
855,1'1/2
856,0
857,1'1/2
858,3'7/8
859,2/3
860,2'1/2
861,3/4
862,1/2
863,3'1/2
864,0
865,6
866,6
867,1'1/6
868,1'3/4
869,1/3
870,3'3/4
871,1
872,2'1/4
873,2
874,1/2
875,1
876,0
877,3
878,1'1/2
879,2
880,1/2
881,1/2
882,1'1/8
883,1/4
884,1'1/2
885,3/4
886,1'4/9
887,2
888,1'1/3
889,2'3/4
890,1/2
891,3
892,4'1/2
893,4
894,2/3
895,4
896,1
897,1/4
898,4'1/2
899,1'3/4
900,1
901,0
902,1
903,3
904,4
905,2'1/3
906,1'3/4
907,4'1/2
908,2
909,1
910,1/2
911,3'3/4
912,1'2/3
913,1/2
914,2/3
915,1/3
916,2'1/2
917,1/2
918,2'1/2
919,3'1/2
920,1
921,2'1/2
922,1/8
923,0
924,1/4
925,0
926,4'1/2
927,2/3
928,3'1/2
929,0
930,2'1/2
931,1/6
932,1'2/3
933,1/3
934,1'2/3
935,3/4
936,1/4
937,4
938,2'5/6
939,2'2/3
940,2'1/3
941,1'1/2
942,2'1/4
943,1/4
944,1'1/2
945,3'3/8
946,1'5/6
947,6
948,2'1/2
949,1/3
950,1'1/2
951,2
952,1/6
953,4
954,1'1/4
955,3'3/4
956,2/3
957,2/3
958,2
959,2'1/2
960,1
961,1/3
962,5'1/2
963,1'1/2
964,2'1/2
965,1'2/3
966,1
967,0
968,3'1/2
969,3'3/8
970,1'1/8
971,1'1/2
972,1/2
973,1/8
974,2
975,0
976,3
977,1/2
978,2'2/3
979,1/2
980,1/2
981,3
982,4
983,1'1/3
984,0
985,1/4
986,1'1/2
987,1'1/3
988,0
989,1'1/2
990,3
991,2
992,1'1/2
993,2'1/2
994,2/3
995,3'1/2
996,3/8
997,1
998,0
999,1
1000,1'1/2
1001,2'1/2
1002,1
1003,4
1004,2'1/2
1005,2
1006,1/2
1007,1
1008,3'1/2
1009,3/8
1010,2
1011,3/4
1012,2
1013,4/11
1014,0
1015,1
1016,1/4
1017,2
1018,8
1019,0
1020,1
1021,1'1/2
1022,1'1/2
1023,1
1024,1
1025,3/4
1026,4
1027,0
1028,3'1/2
1029,1/4
1030,2/5
1031,4'3/4
1032,1/4
1033,1'1/2
1034,1/2
1035,1/2
1036,0
1037,3
1038,4
1039,4
1040,1
1041,1
1042,1/2
1043,2/3
1044,1/12
1045,0
1046,2'1/4
1047,2'1/2
1048,1
1049,2/3
1050,2
1051,5'1/2
1052,1'1/2
1053,5
1054,3'1/2
1055,1'1/2
1056,1/2
1057,1
1058,1'1/2
1059,2'3/8
1060,1/2
1061,5'1/2
1062,1/4
1063,1/2
1064,2
1065,2'1/2
1066,1/2
1067,4'1/4
1068,2'1/2
1069,4
1070,3
1071,1'3/4
1072,1/6
1073,1/2
1074,2
1075,3'1/2
1076,1'1/2
1077,0
1078,3'1/2
1079,2/3
1080,1/2
1081,2
1082,1'1/3
1083,1'1/2
1084,4'1/2
1085,0
1086,0
1087,6
1088,2'1/6
1089,1'1/4
1090,2/3
1091,3/8
1092,2
1093,1'1/2
1094,1'1/4
1095,2/3
1096,2'1/2
1097,1'1/2
1098,2'1/2
1099,1'1/3
1100,0
1101,1/2
1102,2/11
1103,1'1/2
1104,2
1105,1/2
1106,1
1107,3'1/6
1108,3/4
1109,2
1110,1'1/2
1111,1
1112,1'1/4
1113,1'1/2
1114,1
1115,0
1116,3/16
1117,0
1118,1
1119,0
1120,1/2
1121,5'1/2
1122,1'1/2
1123,1'1/3
1124,3/4
1125,2'1/4
1126,1
1127,3'1/4
1128,2
1129,1/2
1130,1
1131,0
1132,3
1133,2
1134,1/3
1135,4
1136,2
1137,3
1138,1/2
1139,4'1/2
1140,2'1/2
1141,3'1/2
1142,1/2
1143,1/4
1144,1/2
1145,3'2/3
1146,3'1/2
1147,1/4
1148,4'1/2
1149,1
1150,2/3
1151,6'1/2
1152,1'1/2
1153,1'1/2
1154,3/4
1155,1/4
1156,0
1157,1/2
1158,1/2
1159,5/6
1160,1
1161,1/2
1162,1
1163,4
1164,1
1165,3
1166,0
1167,2'1/2
1168,2
1169,1/4
1170,1'1/2
1171,1/2
1172,3
1173,5
1174,1'1/2
1175,1'1/2
1176,2
1177,2'1/3
1178,0
1179,0
1180,1/3
1181,3
1182,2'2/3
1183,1/3
1184,3/4
1185,2'3/4
1186,0
1187,2
1188,3'1/2
1189,3/8
1190,1/2
1191,2
1192,2
1193,4
1194,0
1195,2/3
1196,1'1/2
1197,1'1/4
1198,2'1/2
1199,1/2
1200,1'1/4
1201,2'1/2
1202,2
1203,3/4
1204,0
1205,2'1/4
1206,5
1207,3'1/3
1208,3
1209,0
1210,1
1211,3'1/2
1212,2
1213,3'1/2
1214,3/4
1215,3
1216,3
1217,2'2/3
1218,1/2
1219,3'1/4
1220,2
1221,3/4
1222,1
1223,1
1224,0
1225,1'1/2
1226,1/2
1227,1'1/2
1228,2/7
1229,2
1230,1
1231,1/6
1232,1/2
1233,1
1234,1
1235,1
1236,3
1237,1'1/3
1238,3
1239,0
1240,0
1241,3
1242,1'1/2
1243,1/2
1244,1/2
1245,3'1/2
1246,2'1/2
1247,3
1248,3/4
1249,1
1250,1
1251,1'1/2
1252,1/4
1253,2
1254,1/2
1255,1'1/2
1256,1
1257,2'1/2
1258,3/4
1259,1/2
1260,4
1261,3'1/2
1262,0
1263,3
1264,1/2
1265,0
1266,3
1267,2
1268,1
1269,2'1/2
1270,0
1271,0
1272,1/2
1273,1/2
1274,1'3/4
1275,0
1276,0
1277,1'1/3
1278,2
1279,1'1/3
1280,4'1/2
1281,3
1282,2'2/3
1283,2
1284,1/3
1285,1/4
1286,2'1/2
1287,0
1288,2'1/2
1289,2'1/2
1290,2
1291,2
1292,1/4
1293,2'1/2
1294,2
1295,2
1296,1
1297,0
1298,0
1299,0
1300,0
1301,0
1302,1/2
1303,1/2
1304,2
1305,1
1306,1/3
1307,2'1/4
1308,5/6
1309,1/2
1310,1
1311,4'1/2
1312,0
1313,2
1314,0
1315,1
1316,1/4
1317,1'1/2
1318,4
1319,2
1320,1
1321,2
1322,3
1323,3'1/2
1324,1'1/4
1325,2/3
1326,1'1/2
1327,1'1/2
1328,1/3
1329,1/4
1330,1/3
1331,3/8
1332,3/8
1333,3/4
1334,2
1335,2/3
1336,4
1337,1/2
1338,2'1/4
1339,3'1/2
1340,2
1341,1
1342,1/2
1343,1/4
1344,1'1/2
1345,0
1346,2'1/2
1347,2'1/4
1348,2
1349,4
1350,1/2
1351,3/4
1352,2
1353,1'3/4
1354,2'1/2
1355,1'3/4
1356,1
1357,1/2
1358,1
1359,2
1360,2
1361,0
1362,1
1363,2'1/2
1364,1'1/2
1365,3
1366,1
1367,0
1368,2'1/2
1369,1/8
1370,2'1/2
1371,1'1/2
1372,4'3/4
1373,3
1374,2
1375,2'1/2
1376,1
1377,1
1378,2
1379,1'3/4
1380,1/2
1381,0
1382,0
1383,1
1384,3'1/6
1385,3
1386,1'1/2
1387,1'1/2
1388,1'1/2
1389,1/4
1390,3'1/2
1391,1/2
1392,1
1393,1'1/2
1394,3/8
1395,6
1396,5
1397,2'1/4
1398,1'1/2
1399,4
1400,2'1/2
1401,1'3/4
1402,1/4
1403,0
1404,1/3
1405,2
1406,6
1407,2/3
1408,1'1/2
1409,1'1/4
1410,2
1411,1'3/4
1412,0
1413,4
1414,2
1415,0
1416,1'1/4
1417,1/8
1418,1/4
1419,2'3/4
1420,4
1421,4'1/2
1422,2
1423,1'2/3
1424,1/2
1425,0
1426,0
1427,3
1428,1/2
1429,0
1430,2/3
1431,0
1432,1/2
1433,1
1434,1
1435,1'1/2
1436,3/4
1437,1/2
1438,0
1439,1/6
1440,1
1441,3/4
1442,4
1443,2'1/4
1444,1
1445,1'1/2
1446,1/2
1447,1'3/4
1448,3/4
1449,2/3
1450,3/8
1451,5
1452,4'1/4
1453,5
1454,2
1455,1
1456,4
1457,1'1/2
1458,2
1459,3/7
1460,1'1/3
1461,0
1462,1'2/3
1463,1'1/2
1464,2
1465,1'1/3
1466,1/2
1467,1'1/2
1468,0
1469,2'1/2
1470,3
1471,1/2
1472,1
1473,3
1474,1
1475,2
1476,2
1477,1
1478,4'1/2
1479,3'1/2
1480,1'1/2
1481,1'1/2
1482,5
1483,2'2/3
1484,1
1485,2
1486,2
1487,1'1/2
1488,1'5/6
1489,2'1/12
1490,1'1/8
1491,0
1492,4
1493,1/8
1494,1/4
1495,1'1/2
1496,3
1497,1/2
1498,3
1499,2
1500,1'1/2
1501,2
1502,1'1/3
1503,3
1504,5/6
1505,3
1506,1'1/2
1507,3'1/2
1508,1'1/3
1509,1
1510,2
1511,3
1512,1/3
1513,5'1/4
1514,2
1515,1/2
1516,4
1517,3/16
1518,3
1519,0
1520,1/4
1521,1/2
1522,1/4
1523,3/4
1524,6
1525,2
1526,1'1/2
1527,2'1/2
1528,4'1/4
1529,2/3
1530,4'1/4
1531,4
1532,1/2
1533,1/4
1534,3
1535,1/4
1536,0
1537,3
1538,1'1/2
1539,3
1540,3
1541,2
1542,3
1543,2'1/2
1544,2'3/8
1545,1
1546,3'3/8
1547,2
1548,3'1/2
1549,3/8
1550,1/2
1551,1'1/4
1552,2
1553,4
1554,1/2
1555,0
1556,0
1557,2'1/4
1558,3'1/3
1559,1'1/2
1560,4'1/4
1561,3
1562,1/16
1563,1'1/6
1564,1'1/2
1565,0
1566,2'3/4
1567,1/8
1568,1/3
1569,1/10
1570,3
1571,5/8
1572,1'1/2
1573,1'1/2
1574,3/4
1575,8
1576,1'1/2
1577,2'1/2
1578,3'1/2
1579,3/4
1580,1/2
1581,0
1582,3/4
1583,2
1584,1'1/2
1585,2
1586,1
1587,2
1588,1
1589,1'3/4
1590,0
1591,0
1592,1/4
1593,2
1594,1/2
1595,0
1596,0
1597,1
1598,0
1599,0
1600,2'1/2
1601,2/11
1602,5
1603,2/3
1604,0
1605,3
1606,1'1/3
1607,3
1608,3
1609,6'3/4
1610,4
1611,6'1/2
1612,2
1613,2
1614,2
1615,5/6
1616,1/2
1617,1/2
1618,1'1/2
1619,2
1620,5/6
1621,1'1/2
1622,0
1623,1'7/8
1624,4
1625,3/4
1626,3
1627,2
1628,2
1629,1/2
1630,1'1/3
1631,3/8
1632,1'1/2
1633,1/2
1634,1/2
1635,4'2/3
1636,2
1637,4'1/2
1638,1'2/3
1639,1
1640,2
1641,0
1642,1
1643,1/6
1644,0
1645,1'1/2
1646,1/4
1647,2
1648,1'1/2
1649,9
1650,2'1/2
1651,1
1652,4
1653,1/2
1654,1/2
1655,1
1656,1'1/2
1657,2'1/2
1658,0
1659,2
1660,0
1661,1/2
1662,1'1/2
1663,1/2
1664,1'1/2
1665,0
1666,3'1/4
1667,2
1668,3
1669,1/2
1670,0
1671,1'1/2
1672,1'1/2
1673,2
1674,1/4
1675,1'1/3
1676,1/4
1677,3/4
1678,3'1/2
1679,3'1/2
1680,4
1681,2'1/2
1682,3
1683,0
1684,2/3
1685,1'1/2
1686,2
1687,2
1688,0
1689,0
1690,0
1691,4/9
1692,3/4
1693,1/2
1694,1'1/4
1695,1'1/4
1696,2
1697,1/12
1698,2
1699,1'1/2
1700,0
1701,2
1702,4
1703,3
1704,3'1/4
1705,4
1706,2
1707,2
1708,1/2
1709,2'1/4
1710,1'1/2
1711,1/3
1712,2'2/3
1713,1
1714,1/7
1715,2'1/2
1716,0
1717,4'3/4
1718,2'3/4
1719,2'1/2
1720,1'1/2
1721,4'1/2
1722,1
1723,2
1724,2'1/2
1725,1
1726,2
1727,2'1/4
1728,2'1/2
1729,1'1/3
1730,1'1/2
1731,2'1/2
1732,3'1/2
1733,1'1/2
1734,1'7/9
1735,1/2
1736,2
1737,2/3
1738,3
1739,4
1740,2'1/2
1741,1/2
1742,2'1/2
1743,4
1744,2
1745,1'1/8
1746,1'3/4
1747,1'1/2
1748,1/2
1749,6
1750,4'3/4
1751,3'1/2
1752,1/2
1753,4
1754,3
1755,1
1756,1/2
1757,2'1/4
1758,1'1/2
1759,2
1760,0
1761,2'3/4
1762,0
1763,2
1764,2'1/2
1765,1/2
1766,2'3/4
1767,1
1768,1'3/4
1769,5
1770,1'1/6
1771,1/2
1772,1'1/2
1773,0
1774,0
1775,1/5
1776,1/2
1777,5
1778,2
1779,2'3/4
1780,3'1/2
1781,8/9
1782,1/2
1783,3'3/4
1784,0
1785,2/3
1786,4
1787,1
1788,1/2
1789,1/2
1790,1'1/8
1791,2
1792,2'1/4
1793,1'1/2
1794,1'1/2
1795,3
1796,1
1797,2'1/2
1798,2'1/2
1799,2'3/4
1800,2
1801,1'1/2
1802,1/4
1803,2'2/5
1804,2'1/3
1805,1'1/2
1806,2
1807,0
1808,6
1809,0
1810,1'1/2
1811,2'1/2
1812,1'1/4
1813,3'1/3
1814,1
1815,1'5/6
1816,2
1817,5
1818,1/2
1819,0
1820,4
1821,1'1/2
1822,2
1823,1'1/2
1824,0
1825,1
1826,2
1827,3
1828,4'1/2
1829,4
1830,1/8
1831,1
1832,5
1833,0
1834,1
1835,1/2
1836,0
1837,2
1838,3/4
1839,2
1840,2'1/4
1841,2
1842,1/2
1843,1
1844,3'1/2
1845,3/4
1846,2
1847,1/2
1848,1
1849,1
1850,0
1851,3'3/4
1852,1'3/4
1853,1/4
1854,3'1/2
1855,3'1/2
1856,3
1857,3/4
1858,1/3
1859,3/4
1860,1
1861,0
1862,5/6
1863,0
1864,1'1/2
1865,3
1866,0
1867,1/2
1868,1/2
1869,1/6
1870,1
1871,2/3
1872,1'5/18
1873,2
1874,1'1/4
1875,1
1876,2'1/2
1877,3
1878,1'1/2
1879,5
1880,1/2
1881,1/2
1882,3/8
1883,3
1884,3'1/2
1885,2
1886,2
1887,0
1888,0
1889,1/2
1890,1'1/2
1891,2'1/2
1892,1/2
1893,0
1894,2/3
1895,0
1896,1
1897,0
1898,6/11
1899,2
1900,2'1/2
1901,1'1/2
1902,1'1/2
1903,1'1/2
1904,1/3
1905,1'1/3
1906,4
1907,3'1/2
1908,1/2
1909,7
1910,2
1911,3
1912,1/2
1913,1
1914,2'1/2
1915,3'1/8
1916,1'1/2
1917,0
1918,1'1/2
1919,0
1920,0
1921,1'1/2
1922,1
1923,2'1/4
1924,0
1925,1/2
1926,1
1927,0
1928,3
1929,2
1930,1'1/2
1931,3
1932,1
1933,1'1/2
1934,3/4
1935,1'1/4
1936,3
1937,4
1938,1'1/2
1939,1'1/2
1940,0
1941,0
1942,2
1943,1'1/8
1944,3/5
1945,4'1/2
1946,1/2
1947,1/2
1948,1/2
1949,4
1950,3
1951,1
1952,8
1953,2/3
1954,0
1955,6
1956,5
1957,1'1/2
1958,1'7/9
1959,0
1960,2
1961,2
1962,3/4
1963,0
1964,1'1/2
1965,3'3/4
1966,2
1967,1
1968,1'1/2
1969,7'1/2
1970,3
1971,0
1972,6'1/2
1973,0
1974,1
1975,1
1976,4
1977,3/5
1978,1'3/4
1979,1'1/2
1980,5'1/2
1981,1/3
1982,1
1983,3/4
1984,2
1985,11/14
1986,1
1987,1'3/8
1988,1
1989,2'3/4
1990,1/2
1991,3'1/2
1992,13/18
1993,1/2
1994,2
1995,2
1996,3
1997,2
1998,1'1/2
1999,5
2000,1'3/4
2001,5
2002,4'1/2
2003,2'1/4
2004,2'1/4
2005,1/2
2006,4
2007,4
2008,3
2009,7/8
2010,8/21
2011,3
2012,0
2013,1
2014,1'1/2
2015,3
2016,1/2
2017,3
2018,1/3
2019,2
2020,1'11/12
2021,4/7
2022,2'1/2
2023,1'1/4
2024,1/3
2025,2/3
2026,1'1/3
2027,1'1/2
2028,1
2029,3
2030,4
2031,3'1/2
2032,1/4
2033,4
2034,2
2035,3
2036,1'1/2
2037,0
2038,1
2039,2'1/2
2040,1'1/2
2041,5
2042,5
2043,3'1/2
2044,1
2045,2
2046,3
2047,2
2048,3/8
2049,4
2050,2
2051,0
2052,2'2/3
2053,1
2054,2'1/2
2055,1'1/2
2056,1
2057,3
2058,2
2059,2
2060,3'3/8
2061,6
2062,1/2
2063,3
2064,6
2065,1/2
2066,1'1/4
2067,1'1/2
2068,2'1/2
2069,3
2070,5/6
2071,3/4
2072,2/3
2073,0
2074,0
2075,2'3/4
2076,1'2/3
2077,1/2
2078,0
2079,0
2080,1/2
2081,1/2
2082,1
2083,1
2084,0
2085,1'1/2
2086,0
2087,1/2
2088,1/2
2089,1
2090,0
2091,1
2092,6
2093,3
2094,5
2095,1'1/2
2096,3'1/2
2097,1'1/2
2098,3
2099,0
2100,5
2101,2
2102,3/4
2103,2'1/4
2104,2'1/2
2105,3
2106,2'1/2
2107,2
2108,1'1/2
2109,0
2110,0
2111,1'1/2
2112,3
2113,1'1/2
2114,0
2115,4
2116,2/3
2117,3
2118,0
2119,3'1/2
2120,4
2121,1'1/4
2122,2'1/2
2123,5'1/2
2124,0
2125,3'1/3
2126,1
2127,2'1/2
2128,4
2129,3/4
2130,0
2131,1
2132,2
2133,1
2134,1
2135,3
2136,0
2137,2'1/8
2138,1
2139,1'5/6
2140,1/7
2141,3'5/6
2142,1/3
2143,4'1/2
2144,1/3
2145,2
2146,1'1/2
2147,1
2148,2
2149,1/2
2150,2
2151,1
2152,1
2153,0
2154,3'1/2
2155,1/2
2156,1'2/3
2157,1'1/2
2158,2'1/2
2159,3
2160,3'1/2
2161,1'1/2
2162,2'1/4
2163,1'2/3
2164,2
2165,3'1/2
2166,2'1/2
2167,1/2
2168,3'1/2
2169,4
2170,4'1/2
2171,2'1/4
2172,1'1/2
2173,1/3
2174,1'1/2
2175,4
2176,1
2177,3'1/2
2178,2'1/4
2179,1/4
2180,2'1/2
2181,3/4
2182,1'1/2
2183,1/4
2184,2'1/2
2185,1'1/2
2186,1'1/2
2187,1
2188,2'1/2
2189,8
2190,0
2191,1/2
2192,6'1/2
2193,2
2194,2'3/4
2195,1'3/4
2196,2'1/2
2197,1
2198,3
2199,2
2200,1
2201,4
2202,1/3
2203,0
2204,1
2205,2'1/2
2206,2'1/4
2207,1/2
2208,0
2209,6'3/4
2210,0
2211,2
2212,0
2213,2'1/2
2214,0
2215,1'1/2
2216,3
2217,2
2218,3/4
2219,1'1/2
2220,0
2221,1'1/3
2222,0
2223,1'1/3
2224,2'1/2
2225,3/4
2226,3/4
2227,1/2
2228,2'1/4
2229,1
2230,1
2231,2
2232,5'1/16
2233,1'1/2
2234,1/4
2235,6
2236,0
2237,2
2238,2
2239,3
2240,1
2241,1'7/8
2242,0
2243,1/2
2244,1/2
2245,4'1/4
2246,5/6
2247,2'1/2
2248,4
2249,2'1/2
2250,1'1/2
2251,1'1/2
2252,1'1/2
2253,1/6
2254,0
2255,3
2256,3'1/2
2257,1
2258,2
2259,3
2260,1
2261,1'1/2
2262,1/6
2263,0
2264,2'2/3
2265,2'3/4
2266,1'1/2
2267,3/4
2268,4
2269,0
2270,2
2271,1/2
2272,0
2273,1
2274,1/3
2275,4
2276,1'1/2
2277,1
2278,3
2279,3'1/2
2280,1/2
2281,2'1/4
2282,6
2283,2'1/6
2284,1'1/2
2285,1
2286,1'1/3
2287,1'5/6
2288,1/2
2289,4'1/4
2290,2
2291,1'7/9
2292,1
2293,3
2294,4
2295,2'1/6
2296,3
2297,0
2298,3'1/2
2299,1/2
2300,3
2301,1
2302,1'1/2
2303,1'11/16
2304,7
2305,3/4
2306,1/2
2307,3
2308,1
2309,0
2310,1/4
2311,1/16
2312,2'1/4
2313,1'1/2
2314,3/4
2315,3'1/2
2316,3
2317,3'1/2
2318,3'1/4
2319,2'1/2
2320,1'1/2
2321,1'1/2
2322,1
2323,1/8
2324,5
2325,0
2326,1'1/6
2327,1
2328,3'1/2
2329,3'3/4
2330,1
2331,6
2332,3
2333,0
2334,1'1/2
2335,1'1/2
2336,4
2337,0
2338,3
2339,0
2340,0
2341,1'1/2
2342,4'2/3
2343,1/2
2344,2'1/2
2345,2'1/2
2346,1/3
2347,3
2348,1'1/4
2349,3
2350,9
2351,1/12
2352,2
2353,1'1/2
2354,1/2
2355,1/2
2356,0
2357,0
2358,2
2359,1
2360,4'1/2
2361,4
2362,1'1/2
2363,4'1/4
2364,1'1/2
2365,1/4
2366,1
2367,4
2368,2'1/2
2369,0
2370,2'1/2
2371,3'1/3
2372,1
2373,1'1/3
2374,5'1/2
2375,1/2
2376,1/2
2377,1/4
2378,3/8
2379,3/8
2380,2'1/2
2381,4
2382,2/3
2383,0
2384,6
2385,1/6
2386,1/2
2387,3
2388,3
2389,2
2390,1'1/8
2391,1/2
2392,2'1/4
2393,3
2394,2/3
2395,3
2396,3/4
2397,1
2398,4
2399,4
2400,1/2
2401,4'1/2
2402,1/3
2403,4'1/2
2404,2'3/4
2405,1'1/2
2406,1'1/2
2407,1/2
2408,2'1/2
2409,0
2410,1/4
2411,4
2412,3/10
2413,2
2414,3'1/2
2415,7/8
2416,2/3
2417,0
2418,1'1/3
2419,3'3/4
2420,1/3
2421,6'1/2
2422,0
2423,1/4
2424,0
2425,3
2426,4
2427,1/6
2428,5
2429,1'1/2
2430,1'1/2
2431,1
2432,1/2
2433,2
2434,3
2435,1'1/2
2436,2'1/2
2437,1
2438,0
2439,1/6
2440,2
2441,3'2/3
2442,2
2443,3
2444,1
2445,0
2446,1/2
2447,3
2448,1'1/2
2449,0
2450,3'1/2
2451,1/2
2452,1/2
2453,5/6
2454,2'1/2
2455,1/2
2456,2'5/6
2457,2/3
2458,5'1/2
2459,2'1/4
2460,0
2461,1/4
2462,1
2463,3'1/2
2464,1'1/2
2465,0
2466,0
2467,0
2468,2
2469,2
2470,0
2471,0
2472,6
2473,4
2474,3
2475,3
2476,1/2
2477,2
2478,1/2
2479,2
2480,2'1/2
2481,1'1/6
2482,1/2
2483,1/2
2484,1'1/2
2485,0
2486,1'1/2
2487,1/2
2488,1'1/2
2489,3
2490,2'1/2
2491,2'1/2
2492,4'1/2
2493,1/2
2494,0
2495,1'1/2
2496,1/2
2497,2'2/3
2498,3'1/2
2499,0
2500,2
2501,2'1/2
2502,1
2503,1
2504,1
2505,3/4
2506,5
2507,1
2508,2'1/2
2509,2'1/2
2510,1'1/2
2511,3/16
2512,1'1/2
2513,4/9
2514,1/2
2515,1'3/4
2516,3
2517,0
2518,1/2
2519,1/2
2520,1'1/2
2521,1'1/4
2522,1/4
2523,1
2524,1
2525,1/2
2526,6
2527,2'1/2
2528,3
2529,2
2530,3'1/2
2531,2'2/3
2532,0
2533,2'3/4
2534,5
2535,1'1/2
2536,4
2537,3
2538,1'1/4
2539,5'1/4
2540,2/7
2541,1
2542,0
2543,3'1/2
2544,2
2545,0
2546,3/8
2547,0
2548,3/4
2549,2
2550,4'2/3
2551,1/3
2552,1'5/8
2553,3'1/2
2554,2/3
2555,0
2556,1/3
2557,1/6
2558,4'1/2
2559,1/2
2560,1/4
2561,2/3
2562,7/8
2563,1'1/2
2564,4
2565,2
2566,3/4
2567,1'2/3
2568,5
2569,4
2570,1/4
2571,2'1/2
2572,1
2573,2/3
2574,4
2575,3'3/4
2576,2'1/2
2577,1'1/2
2578,1/6
2579,1'1/4
2580,1/2
2581,3
2582,0
2583,2
2584,5
2585,1'1/2
2586,3
2587,2
2588,1'1/2
2589,3/4
2590,1
2591,1/4
2592,1'1/2
2593,3
2594,2
2595,3
2596,2
2597,1'1/2
2598,3'1/2
2599,5'1/2
2600,0
2601,4'1/2
2602,5
2603,5/8
2604,6
2605,3'1/2
2606,2
2607,1/2
2608,1'1/2
2609,1/2
2610,2'1/2
2611,1'7/12
2612,5'1/2
2613,2'2/3
2614,5
2615,1'1/2
2616,2
2617,6
2618,1'1/2
2619,3
2620,3'1/2
2621,4
2622,0
2623,1/3
2624,1/2
2625,1
2626,2
2627,1'5/6
2628,2
2629,3
2630,4
2631,9/16
2632,3/8
2633,3
2634,2'1/2
2635,0
2636,0
2637,1'1/2
2638,1
2639,4'1/2
2640,2
2641,2/3
2642,1
2643,1/3
2644,1
2645,1/2
2646,12
2647,3'1/2
2648,2
2649,2
2650,2/3
2651,3/4
2652,3'1/2
2653,2
2654,0
2655,2
2656,2'1/2
2657,2'1/2
2658,2'1/2
2659,2'1/2
2660,1'1/2
2661,3
2662,3'1/2
2663,3/4
2664,2
2665,4'2/3
2666,4'1/2
2667,4'1/2
2668,1
2669,3/8
2670,0
2671,1'1/2
2672,0
2673,5
2674,2'1/2
2675,0
2676,0
2677,1'1/3
2678,1'1/2
2679,2/9
2680,1
2681,1/8
2682,4
2683,3
2684,6'3/4
2685,2'1/2
2686,3
2687,3
2688,1'5/12
2689,3'1/2
2690,1
2691,2'1/2
2692,3
2693,2'1/2
2694,5
2695,0
2696,4'1/2
2697,6
2698,6
2699,1'1/3
2700,4
2701,1'1/2
2702,2'1/2
2703,5
2704,3'1/2
2705,1
2706,1'1/2
2707,1'1/2
2708,3
2709,4
2710,5
2711,4
2712,3
2713,2'1/2
2714,1'7/8
2715,4
2716,1/2
2717,1'1/3
2718,1
2719,2'1/2
2720,2
2721,1
2722,2'1/2
2723,1/2
2724,2
2725,0
2726,1/2
2727,4'1/4
2728,1'1/4
2729,3'1/3
2730,2
2731,0
2732,1/18
2733,0
2734,3'1/2
2735,1
2736,2'1/2
2737,2
2738,10
2739,2'1/2
2740,1/3
2741,1
2742,1/2
2743,1/2
2744,1/2
2745,1'1/2
2746,1'1/2
2747,1
2748,1
2749,1/3
2750,3'1/2
2751,1/6
2752,2/3
2753,4'1/2
2754,1/2
2755,0
2756,1/2
2757,2'1/4
2758,0
2759,2/3
2760,2'2/3
2761,2'1/2
2762,1/2
2763,1'1/4
2764,2'1/2
2765,1/2
2766,3
2767,5/6
2768,1
2769,0
2770,5
2771,3/4
2772,8'1/2
2773,4'1/2
2774,2'1/4
2775,1/2
2776,1/2
2777,3
2778,1/2
2779,2
2780,3
2781,1'7/8
2782,0
2783,1'1/2
2784,17/18
2785,1/2
2786,1/2
2787,1
2788,1'1/3
2789,1
2790,0
2791,1
2792,3
2793,0
2794,1'1/2
2795,3/4
2796,2'3/4
2797,0
2798,5
2799,1/4
2800,1/2
2801,1
2802,4
2803,3
2804,3
2805,2
2806,5'1/3
2807,0
2808,2
2809,1'1/2
2810,1/2
2811,2'1/2
2812,4
2813,2
2814,2
2815,4'3/4
2816,1'1/8
2817,3'1/2
2818,2'1/4
2819,2
2820,3
2821,1/2
2822,1/4
2823,1
2824,1
2825,3
2826,2
2827,1'1/2
2828,3/16
2829,4'1/2
2830,2
2831,3/4
2832,4
2833,0
2834,1/2
2835,1/2
2836,1'1/2
2837,1'1/2
2838,4/9
2839,3/4
2840,2'1/2
2841,1/3
2842,1'1/8
2843,0
2844,0
2845,1'1/4
2846,0
2847,3'3/4
2848,1
2849,2/3
2850,2'1/2
2851,2
2852,1
2853,3
2854,2
2855,1/4
2856,3/8
2857,3/4
2858,3
2859,2/3
2860,5
2861,4
2862,0
2863,1'1/6
2864,2'1/6
2865,0
2866,1
2867,2
2868,2
2869,2'1/2
2870,1
2871,1'2/3
2872,2'2/3
2873,4
2874,1'1/4
2875,0
2876,5
2877,3
2878,2
2879,2'1/4
2880,1/2
2881,3
2882,1/2
2883,6'3/4
2884,1
2885,2/3
2886,1/2
2887,1/2
2888,1'1/3
2889,0
2890,1'1/4
2891,1'1/2
2892,1'1/2
2893,1
2894,1/4
2895,1'1/3
2896,5'1/2
2897,1/2
2898,6
2899,1
2900,1
2901,3'1/2
2902,2'5/6
2903,2'1/2
2904,3'1/2
2905,1
2906,1'3/4
2907,4/9
2908,2
2909,1'1/2
2910,2'1/2
2911,2
2912,2'1/3
2913,1
2914,2'1/4
2915,3'3/4
2916,2
2917,0
2918,3/4
2919,1/2
2920,4'3/4
2921,3
2922,1'1/2
2923,5
2924,3
2925,1'1/2
2926,1
2927,1'3/4
2928,3
2929,1/2
2930,3
2931,3'3/4
2932,4
2933,1
2934,1/2
2935,3/4
2936,2
2937,3'1/2
2938,3
2939,2/3
2940,4'1/2
2941,1'1/2
2942,2/5
2943,1/2
2944,3/4
2945,1/8
2946,1
2947,0
2948,1'1/2
2949,1/2
2950,1/2
2951,6
2952,1
2953,3/8
2954,3/4
2955,0
2956,0
2957,3/4
2958,1
2959,0
2960,1
2961,1'1/4
2962,1
2963,4'1/2
2964,3
2965,1'1/2
2966,6
2967,4
2968,1/2
2969,1'1/2
2970,0
2971,0
2972,5
2973,0
2974,2
2975,8
2976,1
2977,2'1/2
2978,2/5
2979,4
2980,4'1/2
2981,3
2982,3/4
2983,2'2/3
2984,2'1/2
2985,1/2
2986,2
2987,4
2988,1
2989,2
2990,0
2991,0
2992,1/2
2993,2'2/3
2994,2
2995,1'1/2
2996,1/2
2997,1
2998,0
2999,4'1/2
3000,4
3001,1/2
3002,0
3003,9
3004,1'3/4
3005,2
3006,1'1/2
3007,1
3008,6
3009,2
3010,4
3011,3/4
3012,4'1/2
3013,1
3014,4'1/2
3015,1
3016,1/4
3017,2
3018,2
3019,1'1/2
3020,0
3021,3/4
3022,0
3023,2'2/3
3024,4
3025,3
3026,1'1/2
3027,3
3028,0
3029,0
3030,5'1/2
3031,0
3032,1
3033,1'1/3
3034,0
3035,1'1/2
3036,5
3037,1
3038,1
3039,1'1/2
3040,3'1/4
3041,4
3042,0
3043,6
3044,0
3045,2'1/2
3046,1'1/2
3047,2
3048,1/2
3049,4'3/4
3050,6'1/2
3051,1/4
3052,1'1/2
3053,3
3054,1
3055,1/2
3056,3/4
3057,2'1/2
3058,3'2/3
3059,0
3060,3
3061,3
3062,1/7
3063,2
3064,1/2
3065,3
3066,1'1/2
3067,0
3068,0
3069,2
3070,1/2
3071,2'1/2
3072,1/2
3073,2'1/2
3074,3
3075,3/4
3076,0
3077,4'1/2
3078,7
3079,2'1/2
3080,1/2
3081,1'1/2
3082,4
3083,2'3/4
3084,3
3085,0
3086,4'1/2
3087,3/4
3088,4
3089,0
3090,1'1/2
3091,1/2
3092,2'1/2
3093,1
3094,1
3095,3
3096,1/6
3097,3
3098,1/2
3099,1
3100,3/4
3101,5'1/2
3102,2/7
3103,1/3
3104,2'1/2
3105,1'1/8
3106,3/4
3107,1/5
3108,1'1/4
3109,1
3110,0
3111,3
3112,4
3113,2
3114,1'1/2
3115,1/4
3116,1'1/2
3117,3'1/2
3118,0
3119,1/2
3120,1/2
3121,1/2
3122,1/4
3123,1'1/4
3124,1
3125,1'1/8
3126,2
3127,1/6
3128,4
3129,0
3130,1
3131,0
3132,0
3133,4
3134,3/4
3135,2'1/4
3136,1
3137,1/2
3138,1'2/3
3139,1/3
3140,3'1/2
3141,2'1/2
3142,1
3143,2
3144,1'1/4
3145,1'1/2
3146,1'1/2
3147,0
3148,1'7/8
3149,1/2
3150,1
3151,2
3152,1
3153,2'1/2
3154,2'1/2
3155,2
3156,1
3157,1/2
3158,1
3159,5'1/2
3160,2'1/2
3161,1
3162,1/8
3163,0
3164,1'1/2
3165,3/8
3166,3
3167,2
3168,1
3169,1
3170,1
3171,1
3172,1
3173,3
3174,1
3175,3/8
3176,0
3177,1'1/2
3178,1/4
3179,0
3180,2'2/3
3181,1'1/5
3182,2
3183,1/2
3184,2
3185,0
3186,3
3187,4
3188,1'1/2
3189,2
3190,0
3191,1'2/3
3192,2'1/2
3193,2
3194,1/3
3195,1/3
3196,1/2
3197,1/2
3198,1/2
3199,1
3200,0
3201,1/3
3202,1'1/6
3203,2
3204,2/3
3205,0
3206,3/4
3207,2/3
3208,2'1/2
3209,1'5/6
3210,0
3211,2'1/2
3212,2'1/2
3213,4'1/2
3214,2'1/2
3215,1'3/4
3216,2'3/4
3217,4
3218,1'3/4
3219,1/2
3220,1'11/16
3221,4'1/2
3222,4
3223,0
3224,3
3225,8/9
3226,1/2
3227,2
3228,0
3229,2'1/2
3230,1/6
3231,1/2
3232,5'1/2
3233,0
3234,1'2/3
3235,2
3236,4
3237,1'1/4
3238,1/2
3239,1
3240,1/4
3241,3
3242,1'1/2
3243,1/2
3244,0
3245,2'1/2
3246,7'1/2
3247,1/4
3248,4'1/2
3249,1/4
3250,0
3251,3
3252,3/4
3253,1'1/4
3254,1/2
3255,1/2
3256,2'1/2
3257,1
3258,2'1/4
3259,4'1/2
3260,1'1/2
3261,0
3262,2
3263,1
3264,4/9
3265,2
3266,1
3267,1
3268,2'1/2
3269,2'1/4
3270,1'1/2
3271,1'1/2
3272,2'1/2
3273,2'3/4
3274,1
3275,1'1/4
3276,2/3
3277,1/2
3278,1/2
3279,5
3280,1'1/2
3281,1'1/6
3282,1'1/2
3283,2'1/2
3284,2'2/9
3285,1/2
3286,4
3287,1
3288,1/4
3289,8/9
3290,1'1/2
3291,1'1/2
3292,3'1/2
3293,1'1/2
3294,3
3295,1/2
3296,3
3297,1'1/4
3298,1/2
3299,1'1/2
3300,3/4
3301,1
3302,1/4
3303,2'1/2
3304,0
3305,4/9
3306,1/7
3307,1'1/4
3308,7
3309,1/4
3310,1'3/4
3311,1/6
3312,2
3313,4
3314,3/4
3315,2
3316,1/3
3317,1/2
3318,3'1/2
3319,1'3/8
3320,1
3321,1/4
3322,3
3323,2/3
3324,1
3325,0
3326,8/15
3327,1/4
3328,8
3329,1
3330,1/2
3331,1
3332,2
3333,1'1/2
3334,1/3
3335,1/4
3336,6
3337,1
3338,1/3
3339,2'2/3
3340,0
3341,1'1/2
3342,1
3343,0
3344,2
3345,2'1/2
3346,3
3347,1/2
3348,1
3349,2'1/2
3350,0
3351,1/2
3352,1
3353,5'1/2
3354,1'1/4
3355,1'1/2
3356,1'1/3
3357,1/2
3358,1'3/4
3359,2
3360,3'1/3
3361,1
3362,4
3363,4
3364,1/2
3365,1
3366,4
3367,1
3368,1'5/6
3369,0
3370,7
3371,2
3372,0
3373,1/2
3374,3
3375,2'2/3
3376,4
3377,1'1/3
3378,0
3379,2'3/4
3380,1/2
3381,0
3382,3'1/2
3383,4
3384,0
3385,1
3386,1/3
3387,3'1/2
3388,3
3389,1
3390,1
3391,1'2/3
3392,1'1/2
3393,1'1/4
3394,6
3395,3
3396,2'1/2
3397,3/4
3398,4
3399,0
3400,2'1/4
3401,4'1/4
3402,1
3403,2'1/8
3404,0
3405,1/2
3406,2
3407,3/4
3408,0
3409,3'1/4
3410,2'1/4
3411,1'1/2
3412,2
3413,3'1/2
3414,1'1/2
3415,1'1/2
3416,2
3417,1'1/2
3418,1/3
3419,1/6
3420,3
3421,1'1/6
3422,1'1/2
3423,1/4
3424,0
3425,2'1/2
3426,2'1/2
3427,1/2
3428,5'1/2
3429,2
3430,6'1/2
3431,1'1/2
3432,5'5/8
3433,4/9
3434,0
3435,1
3436,0
3437,1'1/2
3438,1'1/2
3439,3'3/4
3440,0
3441,0
3442,1'1/2
3443,1/2
3444,0
3445,1'5/6
3446,1'1/4
3447,1'1/2
3448,0
3449,2'1/2
3450,2'1/2
3451,2'2/3
3452,3'3/4
3453,1/2
3454,2'1/2
3455,1'1/2
3456,0
3457,1'3/5
3458,5'1/2
3459,1/2
3460,2'1/2
3461,2
3462,1'1/2
3463,1/2
3464,2
3465,2
3466,0
3467,6
3468,1'1/2
3469,1/2
3470,3'5/6
3471,5/6
3472,2'1/4
3473,2'1/4
3474,4'1/2
3475,1
3476,1'1/2
3477,3'1/2
3478,0
3479,2'1/4
3480,1/2
3481,1/2
3482,3'1/2
3483,0
3484,1
3485,3/4
3486,1'1/2
3487,1'1/2
3488,1
3489,1
3490,5
3491,0
3492,3'1/2
3493,3
3494,1/2
3495,2'1/2
3496,2
3497,3
3498,1'1/4
3499,1'1/2
3500,1
3501,1/2
3502,3/4
3503,2/9
3504,3'1/2
3505,2'3/4
3506,5
3507,1'1/2
3508,1/8
3509,2
3510,3
3511,4
3512,1/6
3513,2
3514,0
3515,3/4
3516,3/4
3517,7'1/2
3518,1'1/2
3519,1/2
3520,1
3521,3
3522,1'1/2
3523,1/2
3524,0
3525,1
3526,2
3527,5
3528,2
3529,4
3530,2'1/2
3531,1/2
3532,0
3533,2'1/2
3534,1
3535,0
3536,0
3537,3/4
3538,1/2
3539,1
3540,2'2/3
3541,0
3542,1'1/2
3543,3
3544,3
3545,3
3546,4
3547,2
3548,3
3549,3'1/4
3550,5
3551,2
3552,0
3553,4'1/2
3554,2/3
3555,1/2
3556,3/8
3557,0
3558,1'1/8
3559,5'1/2
3560,2
3561,1'3/4
3562,2
3563,1'1/2
3564,1
3565,1'3/4
3566,3/4
3567,2'2/3
3568,3'1/2
3569,2
3570,2'1/4
3571,0
3572,0
3573,4'1/3
3574,1/2
3575,0
3576,1/2
3577,2
3578,2'1/2
3579,3
3580,1'1/2
3581,1
3582,1/2
3583,2/3
3584,0
3585,1/2
3586,4
3587,1'5/6
3588,1
3589,0
3590,1'1/2
3591,0
3592,1'1/2
3593,2'1/2
3594,1'1/4
3595,1'1/2
3596,2'1/2
3597,1
3598,1/2
3599,0
3600,1'1/2
3601,1/2
3602,2/3
3603,3
3604,4
3605,1/2
3606,3'1/2
3607,3
3608,1'3/4
3609,0
3610,0
3611,2'1/2
3612,2
3613,2/3
3614,1
3615,1'1/2
3616,2'1/2
3617,1
3618,4'1/2
3619,4'1/2
3620,2/3
3621,2
3622,2/3
3623,1/2
3624,1'2/3
3625,4
3626,2'1/4
3627,1/2
3628,1/2
3629,3
3630,6'3/4
3631,1/2
3632,1
3633,0
3634,1
3635,4'1/2
3636,2
3637,1/2
3638,3'1/4
3639,1/2
3640,1/2
3641,2'1/2
3642,2'1/2
3643,0
3644,3/4
3645,1/3
3646,2'1/4
3647,6'1/2
3648,2'1/4
3649,2
3650,4'1/2
3651,0
3652,2
3653,7
3654,3
3655,1/4
3656,5
3657,1/2
3658,1/3
3659,4'1/2
3660,1
3661,2'5/6
3662,0
3663,1'1/3
3664,2/3
3665,0
3666,3'1/2
3667,1/2
3668,1
3669,1
3670,1'1/2
3671,8
3672,1'7/8
3673,3/4
3674,0
3675,2
3676,2/3
3677,2
3678,2
3679,0
3680,2
3681,1
3682,4'1/6
3683,0
3684,9/16
3685,2'1/2
3686,3'1/2
3687,2'1/2
3688,3'1/2
3689,1/2
3690,2
3691,1'3/4
3692,1
3693,1'1/3
3694,1'1/8
3695,1'3/4
3696,1
3697,4'1/2
3698,1'1/2
3699,5/12
3700,1'1/2
3701,1'1/6
3702,1/6
3703,2
3704,4'1/2
3705,7
3706,3'3/8
3707,1
3708,1/2
3709,1'3/8
3710,1
3711,1/8
3712,2
3713,1/2
3714,1
3715,1
3716,0
3717,3/8
3718,10
3719,1'1/2
3720,1
3721,4
3722,4
3723,5
3724,1'3/4
3725,1
3726,3
3727,6
3728,5
3729,0
3730,1'1/2
3731,1/4
3732,2
3733,1
3734,1'1/3
3735,6
3736,2
3737,1'1/2
3738,3
3739,3
3740,0
3741,3
3742,1
3743,1'1/8
3744,1'1/2
3745,1
3746,0
3747,4
3748,2
3749,1/2
3750,1
3751,2/3
3752,1/6
3753,0
3754,1'1/3
3755,1'1/3
3756,2'1/4
3757,1'1/2
3758,3'1/2
3759,1/2
3760,2
3761,1'3/8
3762,2'3/8
3763,3
3764,2
3765,1/3
3766,2
3767,1'5/8
3768,0
3769,1'1/3
3770,3'3/4
3771,1/2
3772,0
3773,3
3774,3'1/2
3775,1/2
3776,2'1/2
3777,6
3778,1
3779,3'1/2
3780,2'1/2
3781,1'1/2
3782,4'1/2
3783,5/6
3784,5
3785,3/4
3786,5'1/2
3787,1
3788,1/2
3789,1'1/2
3790,2/3
3791,2'1/2
3792,2
3793,1'1/2
3794,5
3795,2'1/4
3796,0
3797,4
3798,2'1/2
3799,1'1/2
3800,5
3801,4'2/3
3802,2'1/3
3803,1
3804,1'3/4
3805,1'3/4
3806,1/2
3807,1'1/2
3808,1'1/2
3809,5'1/2
3810,3/4
3811,2'1/2
3812,2'1/2
3813,0
3814,2
3815,1'1/3
3816,5'1/2
3817,1'1/2
3818,1'1/4
3819,2
3820,3'1/4
3821,4'1/2
3822,1'1/8
3823,2
3824,1/2
3825,3
3826,2'1/2
3827,3'1/2
3828,3'1/2
3829,1
3830,0
3831,0
3832,3'1/4
3833,4
3834,0
3835,4'1/2
3836,1
3837,0
3838,2
3839,0
3840,2
3841,1
3842,1/2
3843,1
3844,0
3845,1'1/4
3846,1/2
3847,0
3848,1'3/4
3849,1
3850,3'3/4
3851,1
3852,1/2
3853,0
3854,1
3855,5'1/2
3856,7
3857,5/6
3858,1/2
3859,4'1/2
3860,1'1/2
3861,3
3862,0
3863,2'1/12
3864,0
3865,0
3866,0
3867,1/6
3868,1/6
3869,0
3870,2'1/2
3871,1'1/2
3872,0
3873,4
3874,2'1/4
3875,2'3/4
3876,1'3/4
3877,1/2
3878,2'1/2
3879,5
3880,3'1/2
3881,4'1/4
3882,2/3
3883,5
3884,2
3885,1
3886,1'1/2
3887,1
3888,1'1/2
3889,3
3890,8
3891,2
3892,3
3893,3'1/4
3894,4'1/4
3895,1/2
3896,1'1/3
3897,2'1/2
3898,1/2
3899,1/4
3900,3
3901,3/4
3902,6'1/2
3903,1
3904,1/4
3905,1
3906,0
3907,2'1/4
3908,4
3909,3/4
3910,1
3911,0
3912,1
3913,1
3914,1'1/2
3915,3
3916,4
3917,3'1/2
3918,2'1/2
3919,1/3
3920,1'1/2
3921,1/4
3922,2'1/4
3923,3
3924,1/2
3925,0
3926,1'8/9
3927,5/6
3928,2
3929,1'1/2
3930,1'1/2
3931,5
3932,3
3933,1/3
3934,1'1/2
3935,0
3936,2'3/4
3937,1
3938,0
3939,0
3940,1'3/4
3941,4
3942,1
3943,2
3944,1
3945,0
3946,1'1/2
3947,0
3948,1
3949,1/2
3950,3
3951,3
3952,3'1/2
3953,0
3954,3/4
3955,1'3/4
3956,1'1/4
3957,2/3
3958,0
3959,1'1/4
3960,7
3961,1'1/3
3962,1'1/2
3963,2
3964,1/6
3965,1'3/4
3966,1/6
3967,2/3
3968,0
3969,3
3970,1'1/2
3971,1/6
3972,1/2
3973,1'3/10
3974,1/2
3975,0
3976,2'1/2
3977,6
3978,5
3979,1/2
3980,1/4
3981,2'1/2
3982,2'1/2
3983,3
3984,1/3
3985,1/2
3986,2'1/2
3987,2/3
3988,5'1/2
3989,1/3
3990,2'1/2
3991,3
3992,3/4
3993,3'1/2
3994,3/8
3995,0
3996,2
3997,4
3998,2/3
3999,1
4000,1/2
4001,0
4002,1'1/2
4003,3'1/2
4004,4
4005,3
4006,3
4007,9/16
4008,2
4009,3
4010,3
4011,2
4012,0
4013,2
4014,1
4015,1'3/4
4016,3
4017,1
4018,4'1/2
4019,2/3
4020,0
4021,1
4022,0
4023,2
4024,1
4025,1/4
4026,1'1/2
4027,1'1/2
4028,3'1/2
4029,3/4
4030,2'1/4
4031,4'1/2
4032,1/3
4033,4'1/2
4034,2
4035,2
4036,0
4037,7/8
4038,6'3/4
4039,1
4040,2
4041,1/2
4042,2'1/2
4043,1/2
4044,2
4045,2'1/4
4046,1
4047,1'1/3
4048,0
4049,2'5/8
4050,0
4051,2/3
4052,0
4053,1/2
4054,2'1/3
4055,4
4056,2/3
4057,1/2
4058,2
4059,0
4060,2'3/4
4061,0
4062,1
4063,2'1/4
4064,1/2
4065,3'1/2
4066,1'1/6
4067,1/2
4068,1
4069,1'1/2
4070,3'1/2
4071,1'1/2
4072,1/2
4073,3/4
4074,3/8
4075,1
4076,5
4077,1
4078,3
4079,1
4080,2'1/4
4081,1/2
4082,0
4083,3'3/4
4084,1'1/2
4085,1/8
4086,3
4087,3'1/2
4088,1'1/2
4089,3
4090,3/4
4091,3/4
4092,1/16
4093,2'1/2
4094,0
4095,0
4096,0
4097,2'1/2
4098,0
4099,0
4100,4'1/2
4101,2
4102,0
4103,4
4104,4
4105,1'1/4
4106,1/2
4107,3
4108,1'1/3
4109,5
4110,3
4111,2'1/2
4112,4'1/2
4113,2'1/4
4114,1/2
4115,1
4116,1/4
4117,1'1/2
4118,3
4119,1'1/2
4120,1
4121,1
4122,2
4123,2'1/2
4124,1/2
4125,0
4126,2'1/2
4127,2'1/2
4128,1
4129,2'1/2
4130,2
4131,4
4132,3'1/4
4133,3
4134,1'1/4
4135,3/8
4136,1
4137,2
4138,2'5/8
4139,3/8
4140,2
4141,4
4142,0
4143,10
4144,1/2
4145,1'1/2
4146,3/4
4147,0
4148,4
4149,1'1/8
4150,0
4151,2'5/6
4152,2
4153,0
4154,0
4155,3
4156,1'1/2
4157,3'3/4
4158,1/12
4159,1/2
4160,2
4161,2'5/6
4162,5
4163,3/4
4164,1'1/2
4165,1/6
4166,2
4167,0
4168,2'1/2
4169,1'1/2
4170,3
4171,2
4172,2'1/2
4173,1'1/2
4174,0
4175,2
4176,1'1/3
4177,3'1/2
4178,1'1/2
4179,0
4180,2'1/2
4181,2'1/4
4182,2
4183,1'5/6
4184,2'5/6
4185,1/2
4186,8
4187,3
4188,2
4189,0
4190,3'1/2
4191,1'1/4
4192,2
4193,2'1/2
4194,4'1/2
4195,0
4196,0
4197,1
4198,2
4199,2
4200,3
4201,2
4202,1'1/2
4203,0
4204,2
4205,1'1/4
4206,3'1/3
4207,2
4208,1/2
4209,2'1/4
4210,2
4211,1'1/2
4212,1/4
4213,1'1/2
4214,2
4215,4
4216,1/4
4217,2
4218,6'1/2
4219,4
4220,1
4221,3/4
4222,6
4223,3'1/2
4224,4
4225,1
4226,1/3
4227,1'1/2
4228,1/6
4229,0
4230,3/4
4231,6
4232,1'1/5
4233,1
4234,3
4235,2
4236,0
4237,1/2
4238,2/3
4239,2
4240,1/2
4241,0
4242,1'1/2
4243,1'2/3
4244,2
4245,3'1/2
4246,1
4247,1
4248,1'1/2
4249,7'1/2
4250,3'1/4
4251,2
4252,3'1/2
4253,1'1/2
4254,6'1/2
4255,5
4256,5'1/4
4257,1'3/4
4258,2
4259,4'1/2
4260,2'1/2
4261,1'2/3
4262,0
4263,1/6
4264,1'1/2
4265,3
4266,3/4
4267,4'1/2
4268,1/2
4269,6
4270,2'1/2
4271,1/2
4272,1'1/2
4273,5/6
4274,3/4
4275,1'1/3
4276,2/3
4277,1'1/4
4278,2'3/4
4279,2
4280,7
4281,4
4282,1'1/2
4283,0
4284,0
4285,4
4286,2'1/2
4287,3'2/3
4288,2'1/2
4289,1'1/3
4290,1/2
4291,1'7/8
4292,1'1/3
4293,1'1/2
4294,1/4
4295,5
4296,1/3
4297,3/4
4298,2
4299,0
4300,1
4301,1
4302,1'1/2
4303,1
4304,2/5
4305,1
4306,0
4307,2'1/2
4308,2
4309,1'1/3
4310,1'1/2
4311,2'1/2
4312,3
4313,2
4314,4'3/4
4315,1
4316,1/2
4317,4'1/2
4318,3
4319,1
4320,1/3
4321,5
4322,0
4323,2'1/2
4324,5
4325,6
4326,1/2
4327,1'1/2
4328,1/2
4329,4'1/2
4330,3/4
4331,2'1/8
4332,1
4333,1
4334,1
4335,1
4336,1
4337,2'2/3
4338,2'1/4
4339,3'1/2
4340,3/4
4341,0
4342,1'1/2
4343,4
4344,1'1/2
4345,3/8
4346,1/2
4347,2
4348,1
4349,1'1/2
4350,1'1/3
4351,1
4352,2
4353,1'1/2
4354,1'1/2
4355,0
4356,1
4357,2/3
4358,2'1/2
4359,4'1/2
4360,1'3/4
4361,1/2
4362,0
4363,0
4364,1/2
4365,1/8
4366,2'5/8
4367,2/3
4368,0
4369,3/4
4370,1
4371,2
4372,4'1/2
4373,0
4374,2'1/2
4375,3
4376,1
4377,2
4378,0
4379,1/6
4380,0
4381,1
4382,4/5
4383,1
4384,1'1/2
4385,1
4386,1'1/2
4387,7/12
4388,0
4389,2
4390,1'3/4
4391,3/4
4392,1/2
4393,2'1/2
4394,1'1/2
4395,1/2
4396,0
4397,3
4398,1'1/2
4399,0
4400,1
4401,1'1/2
4402,2'1/4
4403,1/4
4404,1'1/4
4405,1'1/2
4406,1'1/2
4407,2'1/4
4408,3'1/2
4409,4'3/4
4410,1'1/4
4411,3'3/4
4412,1
4413,1/2
4414,4
4415,2
4416,5
4417,3'1/2
4418,1
4419,3/4
4420,5
4421,3'3/4
4422,1/2
4423,1'1/4
4424,2/9
4425,1/2
4426,2'1/2
4427,1'1/3
4428,7'1/2
4429,2'1/3
4430,1/2
4431,1/4
4432,1/2
4433,6
4434,1/4
4435,2'1/2
4436,1/2
4437,3'1/2
4438,4
4439,4
4440,3/8
4441,2'1/2
4442,1'3/4
4443,2'3/4
4444,1'1/2
4445,3
4446,0
4447,6
4448,4/7
4449,0
4450,3
4451,8
4452,1/2
4453,2'1/2
4454,0
4455,4
4456,4
4457,2
4458,5/8
4459,1
4460,0
4461,2'1/2
4462,0
4463,1
4464,3
4465,3
4466,4
4467,2'1/2
4468,1/4
4469,1'1/2
4470,1'4/5
4471,3'1/2
4472,1'1/3
4473,1'3/4
4474,1'1/2
4475,0
4476,4
4477,0
4478,1/2
4479,1
4480,1
4481,2'1/2
4482,1'1/2
4483,3'1/2
4484,1/2
4485,3
4486,4
4487,0
4488,3'1/2
4489,1/3
4490,1/6
4491,4
4492,4
4493,3'1/2
4494,3
4495,2'1/2
4496,1
4497,3'1/2
4498,1/6
4499,1'1/3
4500,2
4501,1/8
4502,5'1/2
4503,1
4504,3
4505,1'1/2
4506,2
4507,2
4508,4
4509,1'1/2
4510,1/4
4511,1/6
4512,1'7/9
4513,2'1/2
4514,0
4515,0
4516,2
4517,0
4518,1'1/2
4519,1'1/4
4520,1'1/2
4521,1/4
4522,2'1/4
4523,3/4
4524,4'1/2
4525,1/2
4526,3'1/4
4527,0
4528,1'3/4
4529,4'1/2
4530,2'3/4
4531,4
4532,3
4533,0
4534,2'1/2
4535,1/2
4536,3
4537,1/4
4538,1
4539,3
4540,1'1/2
4541,4'1/4
4542,1/3
4543,1/2
4544,0
4545,3'1/2
4546,1
4547,2'1/2
4548,2'1/2
4549,1'1/2
4550,2
4551,1/4
4552,2'1/2
4553,3
4554,1/2
4555,1/2
4556,1/4
4557,3
4558,1'1/2
4559,1
4560,1/2
4561,0
4562,4'1/8
4563,2'1/2
4564,1/2
4565,1
4566,3/4
4567,0
4568,2
4569,0
4570,1
4571,1/8
4572,0
4573,4/9
4574,1/2
4575,1
4576,2
4577,1
4578,1'1/4
4579,1
4580,2
4581,1/2
4582,2'1/2
4583,1'3/4
4584,1/2
4585,2'1/2
4586,1
4587,2'1/2
4588,1/4
4589,2
4590,3/8
4591,3
4592,2/3
4593,1
4594,1
4595,1'3/4
4596,1'1/2
4597,3'1/2
4598,1
4599,3'1/4
4600,2'1/2
4601,2'5/6
4602,0
4603,0
4604,1
4605,1
4606,1/2
4607,2/3
4608,3'1/2
4609,4
4610,1/2
4611,0
4612,4'1/2
4613,1/3
4614,0
4615,2
4616,1/2
4617,1'1/2
4618,2/3
4619,1'1/2
4620,3
4621,1'1/2
4622,3
4623,4'1/2
4624,2'5/6
4625,1/8
4626,1/16
4627,3/8
4628,1'1/6
4629,0
4630,1/2
4631,3
4632,1/2
4633,1'1/4
4634,0
4635,0
4636,3'1/2
4637,0
4638,1'1/2
4639,1/2
4640,4
4641,1/2
4642,3/4
4643,1'1/2
4644,1/2
4645,3/4
4646,1
4647,0
4648,1'1/3
4649,1'1/2
4650,1
4651,4'1/2
4652,2
4653,4'1/2
4654,2
4655,1/2
4656,2'1/2
4657,1/4
4658,0
4659,1'1/4
4660,8
4661,2'2/3
4662,3
4663,2
4664,2'1/2
4665,1'1/2
4666,1'1/4
4667,1'5/6
4668,1
4669,1'1/6
4670,0
4671,1/3
4672,0
4673,3'3/8
4674,1'1/2
4675,1/8
4676,2
4677,2'5/8
4678,3'1/2
4679,1
4680,2'1/2
4681,1'1/2
4682,3
4683,0
4684,4'1/2
4685,1/2
4686,2'1/2
4687,3'1/2
4688,1'1/4
4689,1
4690,1'1/4
4691,2
4692,2'2/3
4693,5
4694,3'1/3
4695,1
4696,2
4697,0
4698,1/2
4699,1'1/2
4700,1/9
4701,0
4702,0
4703,1/9
4704,4
4705,1'1/2
4706,0
4707,4/9
4708,1'2/3
4709,1'3/4
4710,1
4711,1/4
4712,2'1/2
4713,0
4714,2
4715,1/3
4716,2
4717,1
4718,2
4719,1/4
4720,1
4721,6'1/2
4722,2
4723,1/4
4724,3/4
4725,4
4726,1'1/2
4727,1/2
4728,4
4729,3'1/2
4730,3
4731,1/2
4732,1
4733,2'1/2
4734,3'1/2
4735,3
4736,2'1/4
4737,0
4738,2
4739,3'1/2
4740,3
4741,0
4742,2
4743,1
4744,3/4
4745,1
4746,2
4747,1'1/2
4748,0
4749,1'1/3
4750,1'1/2
4751,4
4752,1'7/8
4753,1
4754,3
4755,1/2
4756,1'3/4
4757,1
4758,3'3/4
4759,1/2
4760,4'1/2
4761,4'1/2
4762,3'1/4
4763,2'1/4
4764,0
4765,6
4766,1
4767,3/4
4768,1/8
4769,1'1/3
4770,2
4771,3/8
4772,3
4773,3/4
4774,5/6
4775,2'1/4
4776,1'1/2
4777,1
4778,2'2/3
4779,1'1/4
4780,1/4
4781,3
4782,1/2
4783,2'1/2
4784,2'1/2
4785,2'1/2
4786,1'1/2
4787,1/2
4788,3
4789,3'1/2
4790,2'1/2
4791,1'1/2
4792,0
4793,1/2
4794,2
4795,3
4796,1'1/2
4797,2
4798,6
4799,3
4800,3
4801,2'1/2
4802,3'1/2
4803,1/2
4804,1
4805,2
4806,1'1/2
4807,2
4808,1'1/2
4809,0
4810,5
4811,2
4812,3
4813,2/3
4814,3
4815,4'1/2
4816,1'1/2
4817,1
4818,1
4819,2
4820,0
4821,1/2
4822,0
4823,3'1/2
4824,0
4825,0
4826,1'1/3
4827,2
4828,1
4829,1
4830,3'1/2
4831,1
4832,6
4833,1
4834,0
4835,1/2
4836,1/2
4837,4'1/2
4838,4'1/2
4839,2
4840,2'1/2
4841,1
4842,1'5/6
4843,1'3/4
4844,3
4845,1
4846,3'1/2
4847,3'1/2
4848,1'1/2
4849,1'1/2
4850,4
4851,2'1/2
4852,1'1/2
4853,1'1/2
4854,6
4855,3
4856,2
4857,1'1/4
4858,2
4859,3
4860,2'1/2
4861,1/2
4862,1'1/4
4863,1'5/12
4864,2
4865,1'1/2
4866,7'1/2
4867,1/2
4868,2
4869,3
4870,1'1/2
4871,2
4872,4'1/2
4873,3'5/6
4874,4
4875,3'1/2
4876,1'1/3
4877,7'1/2
4878,5'1/2
4879,5
4880,1'2/3
4881,0
4882,0
4883,2'1/4
4884,2'1/2
4885,1
4886,2/3
4887,1'1/2
4888,0
4889,1/2
4890,3
4891,1'3/4
4892,1
4893,4'1/2
4894,3
4895,1'1/2
4896,3/4
4897,7
4898,3
4899,1'1/2
4900,1'1/2
4901,1/2
4902,1
4903,1'1/2
4904,2'1/2
4905,2/3
4906,4'1/2
4907,2'1/2
4908,3'1/2
4909,0
4910,0
4911,1/2
4912,3
4913,2
4914,3
4915,2'3/4
4916,1'3/4
4917,3/4
4918,1'1/2
4919,1/2
4920,1/2
4921,1'1/2
4922,1
4923,3
4924,1/2
4925,1/3
4926,4'1/2
4927,10
4928,3'2/3
4929,2/9
4930,3
4931,1/2
4932,2
4933,1'3/4
4934,2'1/2
4935,1
4936,2
4937,3'3/4
4938,3'1/2
4939,2
4940,4
4941,3'1/2
4942,1/2
4943,0
4944,3
4945,3'1/2
4946,3'1/2
4947,1/2
4948,4'1/2
4949,0
4950,1'1/2
4951,1/2
4952,2'3/4
4953,5/6
4954,1
4955,1
4956,2
4957,4
4958,1'1/2
4959,1/2
4960,0
4961,2
4962,1/2
4963,3
4964,1'1/3
4965,3/4
4966,6
4967,1
4968,0
4969,0
4970,3'1/2
4971,0
4972,4
4973,5/8
4974,2'1/2
4975,1/4
4976,1'3/4
4977,2'1/4
4978,1'1/2
4979,5
4980,2/3
4981,1'1/3
4982,1'1/2
4983,2'1/4
4984,3
4985,3/8
4986,3'1/2
4987,1/4
4988,1'1/2
4989,1'1/2
4990,3
4991,1/2
4992,1/2
4993,2
4994,2
4995,0
4996,2'1/2
4997,1
4998,1/2
4999,2'1/2
5000,1/6
5001,2
5002,1
5003,1'1/2
5004,1/3
5005,2
5006,1'1/2
5007,1/2
5008,4
5009,1'1/4
5010,0
5011,1
5012,3
5013,1/4
5014,0
5015,2'2/3
5016,0
5017,2
5018,2'1/4
5019,3'1/2
5020,2
5021,0
5022,4/9
5023,1/2
5024,3
5025,0
5026,0
5027,3'1/2
5028,1'1/6
5029,0
5030,1
5031,0
5032,3'1/2
5033,3/4
5034,1'1/3
5035,1/2
5036,2'1/2
5037,0
5038,0
5039,1
5040,4
5041,0
5042,4'1/2
5043,2'1/2
5044,1'1/4
5045,3
5046,3'1/2
5047,1'1/2
5048,0
5049,1'3/4
5050,3
5051,2
5052,1
5053,6
5054,2'1/4
5055,2
5056,1
5057,1'1/2
5058,2'1/2
5059,1
5060,1'1/12
5061,1/6
5062,1'3/4
5063,3/4
5064,2
5065,1'1/3
5066,4
5067,2'1/2
5068,2/3
5069,2
5070,1'1/2
5071,1'1/4
5072,4
5073,3'1/2
5074,1
5075,4
5076,0
5077,0
5078,1'1/2
5079,2
5080,3/4
5081,1'1/4
5082,2
5083,1'2/3
5084,1'1/3
5085,1/2
5086,2'5/6
5087,3'1/2
5088,2
5089,4
5090,3'1/2
5091,1'1/2
5092,1
5093,1
5094,2'2/3
5095,6'1/2
5096,1'1/4
5097,4'1/2
5098,3/4
5099,2/3
5100,2'1/4
5101,1'1/2
5102,2'1/2
5103,1
5104,0
5105,1/2
5106,16
5107,1'1/2
5108,1
5109,1'1/2
5110,4'1/4
5111,1'1/2
5112,3'1/3
5113,1'1/2
5114,1/2
5115,1'1/2
5116,1/2
5117,0
5118,0
5119,1'1/4
5120,3'1/3
5121,1
5122,0
5123,0
5124,5'1/2
5125,2'1/4
5126,3
5127,3
5128,1
5129,2
5130,1/2
5131,0
5132,1'3/4
5133,1
5134,2'1/2
5135,1'1/4
5136,3
5137,2
5138,1
5139,2
5140,0
5141,1/2
5142,1
5143,2
5144,2
5145,1
5146,0
5147,3/8
5148,0
5149,2
5150,1
5151,1
5152,0
5153,3'1/2
5154,1/5
5155,1'1/2
5156,2
5157,0
5158,6
5159,1'1/2
5160,4
5161,1/2
5162,1
5163,2
5164,1'1/2
5165,1'2/3
5166,2
5167,7
5168,2
5169,3'1/6
5170,2'1/2
5171,1/5
5172,1/2
5173,3/8
5174,3/4
5175,1/4
5176,2'3/4
5177,1/8
5178,3
5179,5
5180,0
5181,1
5182,1/2
5183,3/4
5184,3
5185,1'1/8
5186,1'1/4
5187,3/4
5188,3'1/2
5189,1
5190,1'1/2
5191,1/2
5192,1'2/3
5193,1'1/8
5194,1'1/2
5195,1/2
5196,1/2
5197,4'1/2
5198,1'1/2
5199,1/6
5200,1/9
5201,3/4
5202,2'1/2
5203,0
5204,5
5205,1/2
5206,0
5207,1'5/6
5208,1'1/2
5209,1'1/2
5210,2'1/4
5211,1'1/4
5212,1'3/4
5213,2'1/2
5214,1
5215,3/4
5216,0
5217,2'1/2
5218,0
5219,3/4
5220,1/2
5221,2'1/2
5222,3'1/2
5223,2
5224,1/2
5225,1
5226,2
5227,1'3/4
5228,0
5229,4
5230,6
5231,3
5232,1/2
5233,2/3
5234,4'1/4
5235,2'1/2
5236,1
5237,3/4
5238,1/2
5239,1'1/2
5240,4'1/2
5241,0
5242,3'1/2
5243,0
5244,1'1/2
5245,3/8
5246,4
5247,0
5248,0
5249,1'1/6
5250,2'1/2
5251,3'1/2
5252,3/4
5253,1/2
5254,1
5255,3
5256,2
5257,3'1/2
5258,1
5259,5
5260,0
5261,2
5262,1'1/2
5263,1
5264,1'1/4
5265,2'1/2
5266,1'1/2
5267,3'1/2
5268,1/6
5269,1/2
5270,0
5271,1
5272,3
5273,7'1/2
5274,3/8
5275,4
5276,2
5277,1'1/2
5278,1
5279,0
5280,2
5281,5
5282,0
5283,3/8
5284,1'1/2
5285,4'1/2
5286,1'1/2
5287,3'3/4
5288,0
5289,1/2
5290,4
5291,1'1/6
5292,1/2
5293,1
5294,4
5295,0
5296,1'1/2
5297,0
5298,0
5299,6
5300,1
5301,2
5302,1'1/2
5303,1/2
5304,3/4
5305,2
5306,1/4
5307,1/6
5308,2'3/4
5309,4'1/2
5310,1/4
5311,3'1/2
5312,2
5313,1/4
5314,11
5315,1
5316,3'1/2
5317,0
5318,1
5319,2
5320,1/4
5321,3
5322,1/4
5323,1'2/9
5324,4
5325,3/4
5326,1'1/2
5327,1'1/2
5328,1
5329,0
5330,6'1/2
5331,2'1/2
5332,1'1/2
5333,2/3
5334,0
5335,4'1/4
5336,3'1/4
5337,0
5338,1/4
5339,0
5340,1/4
5341,1/2
5342,1
5343,1'1/2
5344,1/2
5345,2'1/2
5346,0
5347,2'1/2
5348,3/4
5349,1
5350,2'1/4
5351,2'1/2
5352,0
5353,1/2
5354,1
5355,3
5356,0
5357,1/2
5358,3'1/2
5359,2
5360,2
5361,0
5362,4
5363,1
5364,1'1/4
5365,1
5366,4'1/4
5367,2
5368,2
5369,1/4
5370,1/2
5371,2'1/2
5372,5
5373,1'3/4
5374,2
5375,1
5376,4'1/2
5377,1/2
5378,2'1/4
5379,3/4
5380,7
5381,0
5382,0
5383,3
5384,3'3/4
5385,6
5386,2/3
5387,1/2
5388,3
5389,3'1/3
5390,1
5391,1/12
5392,1'1/3
5393,2'1/3
5394,2
5395,0
5396,1'1/2
5397,1/2
5398,3
5399,3/8
5400,1'1/2
5401,2
5402,3/4
5403,2
5404,3'1/2
5405,0
5406,1/8
5407,1'1/2
5408,1
5409,0
5410,4
5411,1'7/8
5412,3
5413,4'1/4
5414,1/3
5415,3
5416,1/2
5417,3/4
5418,2'1/3
5419,2
5420,1/6
5421,2
5422,0
5423,1'1/2
5424,2
5425,2
5426,3
5427,1/4
5428,4
5429,4
5430,0
5431,1/2
5432,1
5433,3
5434,2'1/3
5435,5
5436,1/2
5437,2
5438,2
5439,0
5440,3/4
5441,2
5442,2
5443,4
5444,1
5445,2
5446,3'1/4
5447,1/2
5448,0
5449,2
5450,1
5451,1/2
5452,3
5453,3
5454,3/8
5455,1/2
5456,1'1/2
5457,1/2
5458,2'1/2
5459,1/8
5460,1/4
5461,0
5462,1/3
5463,1
5464,1
5465,1/4
5466,0
5467,2
5468,1'1/3
5469,4
5470,0
5471,2
5472,0
5473,1'1/2
5474,0
5475,2
5476,1'5/6
5477,2'1/4
5478,3'1/2
5479,2
5480,1/4
5481,1'1/2
5482,1/4
5483,3
5484,4
5485,3
5486,1'1/3
5487,3
5488,1/4
5489,6'1/2
5490,2'1/4
5491,1
5492,2
5493,1'1/2
5494,3
5495,0
5496,1'1/4
5497,3/4
5498,2
5499,1
5500,2'1/2
5501,1'1/2
5502,1
5503,3/4
5504,2
5505,4'1/2
5506,3/4
5507,2'1/4
5508,1'1/2
5509,1
5510,2
5511,0
5512,3/4
5513,2
5514,3/4
5515,1/4
5516,3'1/2
5517,1'1/2
5518,1'1/4
5519,2'5/6
5520,3
5521,1
5522,1/2
5523,0
5524,2
5525,0
5526,3/4
5527,3
5528,1/2
5529,2
5530,0
5531,3'1/2
5532,3'1/3
5533,2'1/2
5534,7'1/2
5535,5
5536,0
5537,2'1/6
5538,1/4
5539,1/2
5540,3
5541,1'1/6
5542,1/8
5543,2
5544,5
5545,6
5546,3
5547,4
5548,1/2
5549,1'1/2
5550,1
5551,2'1/6
5552,3
5553,1
5554,1'1/2
5555,1/2
5556,3
5557,2
5558,1'1/2
5559,2
5560,3/4
5561,4
5562,2/3
5563,1'1/8
5564,1'1/8
5565,3/4
5566,2
5567,2
5568,2'1/2
5569,0
5570,0
5571,2
5572,2
5573,1
5574,2/3
5575,1
5576,0
5577,1'1/2
5578,1/16
5579,2
5580,2'1/2
5581,5'1/2
5582,2'1/2
5583,0
5584,1'1/2
5585,2'1/2
5586,2'1/2
5587,2'1/6
5588,1'1/2
5589,1/2
5590,4
5591,0
5592,4
5593,2'1/4
5594,2'5/8
5595,1/4
5596,1/2
5597,2'3/4
5598,4'1/2
5599,0
5600,3'1/2
5601,2'1/2
5602,1/2
5603,1'1/2
5604,4'1/2
5605,1/4
5606,1'1/4
5607,2
5608,2
5609,1/2
5610,2'1/2
5611,1'1/2
5612,2'1/2
5613,2
5614,1'1/2
5615,6
5616,2
5617,2
5618,4'1/2
5619,1'1/6
5620,0
5621,0
5622,1/10
5623,3'1/2
5624,3'1/2
5625,1
5626,1
5627,1
5628,4
5629,1/2
5630,2/3
5631,1'1/2
5632,4'1/2
5633,1
5634,1
5635,5/8
5636,2
5637,2
5638,0
5639,3'1/2
5640,1/4
5641,1/2
5642,0
5643,0
5644,2
5645,1'1/4
5646,1
5647,3
5648,1'1/2
5649,6'1/2
5650,0
5651,1'1/2
5652,4
5653,1'1/5
5654,1/2
5655,3/4
5656,6
5657,4'1/2
5658,1'2/3
5659,3/4
5660,6'1/2
5661,1'1/2
5662,1'1/4
5663,3/8
5664,5
5665,5
5666,1'1/2
5667,3'1/2
5668,1'1/3
5669,2'1/2
5670,2'1/4
5671,1/2
5672,3
5673,3/4
5674,3
5675,1'1/4
5676,4
5677,1'1/2
5678,1'1/3
5679,1'5/8
5680,4
5681,0
5682,2
5683,4'1/2
5684,0
5685,1/2
5686,0
5687,2/3
5688,3'1/2
5689,1/2
5690,0
5691,1/2
5692,7
5693,3'1/2
5694,2'1/2
5695,3
5696,6'1/2
5697,2'1/2
5698,0
5699,1'1/2
5700,1'1/2
5701,3'1/2
5702,1/2
5703,1'1/2
5704,1
5705,3/4
5706,12
5707,3/4
5708,3
5709,2'5/6
5710,1/4
5711,1'1/4
5712,3'1/4
5713,1'1/2
5714,4
5715,7'1/2
5716,2'1/2
5717,2
5718,3/4
5719,1'3/4
5720,3/4
5721,2'5/6
5722,1'1/2
5723,1
5724,2'1/4
5725,1/16
5726,0
5727,1/3
5728,6
5729,2
5730,2
5731,1/3
5732,2
5733,1'1/8
5734,0
5735,2'1/2
5736,0
5737,1/6
5738,0
5739,3'1/2
5740,2
5741,0
5742,1/2
5743,1
5744,4'1/2
5745,0
5746,2'1/4
5747,3
5748,4'1/2
5749,3
5750,1'1/8
5751,1/2
5752,1/3
5753,3
5754,0
5755,1
5756,0
5757,2'1/2
5758,1
5759,1'1/3
5760,2'1/2
5761,3/4
5762,3
5763,1/4
5764,1'1/2
5765,3'1/4
5766,2/3
5767,3'1/2
5768,6
5769,3
5770,0
5771,4
5772,1'1/2
5773,1/2
5774,4'1/2
5775,2
5776,4
5777,3
5778,2
5779,1
5780,3/4
5781,6
5782,1/2
5783,3/4
5784,6
5785,1/4
5786,1'1/2
5787,2'1/2
5788,3/4
5789,5'1/2
5790,2'7/18
5791,1/2
5792,3/4
5793,2'1/4
5794,2'1/2
5795,1/2
5796,2
5797,0
5798,1'1/2
5799,2
5800,4
5801,0
5802,1'1/2
5803,3/4
5804,1'1/2
5805,3/4
5806,0
5807,1
5808,1/2
5809,2'1/2
5810,1
5811,0
5812,2'1/2
5813,2
5814,5
5815,1
5816,1/2
5817,1/2
5818,4
5819,1
5820,0
5821,0
5822,3'1/2
5823,1
5824,1/2
5825,3/8
5826,3'3/4
5827,1/2
5828,1
5829,3/5
5830,1/4
5831,1/4
5832,4
5833,0
5834,4'1/2
5835,2'2/3
5836,3
5837,1'1/4
5838,2'1/2
5839,3/4
5840,1
5841,1'1/2
5842,6
5843,1
5844,2'1/2
5845,1'1/2
5846,1
5847,2
5848,1/4
5849,1
5850,1'1/2
5851,0
5852,0
5853,0
5854,0
5855,1
5856,5'1/2
5857,1'1/4
5858,1
5859,3'1/2
5860,2'1/8
5861,1/2
5862,1'1/2
5863,2
5864,1/2
5865,3'1/2
5866,2
5867,1
5868,11
5869,3'1/2
5870,1/3
5871,5
5872,3
5873,3
5874,1/3
5875,1
5876,2/3
5877,6
5878,3'1/2
5879,7/8
5880,2
5881,1'1/8
5882,0
5883,1/2
5884,0
5885,1
5886,0
5887,1/2
5888,1/4
5889,1
5890,0
5891,3
5892,1'1/3
5893,1
5894,2
5895,2'1/4
5896,1'1/4
5897,1
5898,2
5899,3
5900,3
5901,3
5902,1
5903,1/2
5904,1/2
5905,2'2/3
5906,1'1/4
5907,1/2
5908,1'1/3
5909,2'1/2
5910,3'1/4
5911,1'1/2
5912,0
5913,1'1/2
5914,0
5915,3
5916,1/4
5917,1/2
5918,4'1/4
5919,1/2
5920,2
5921,1/2
5922,1'1/8
5923,2
5924,4'1/2
5925,1/2
5926,1
5927,1'1/2
5928,4
5929,3
5930,1'1/3
5931,2'1/2
5932,1'3/4
5933,3'1/2
5934,0
5935,1'1/2
5936,3/4
5937,1'1/2
5938,2'1/2
5939,1'1/2
5940,1'1/2
5941,1/2
5942,4
5943,5'1/4
5944,2
5945,1'1/4
5946,1
5947,5'1/2
5948,1'1/2
5949,4
5950,2/9
5951,1'1/2
5952,1'1/2
5953,3/4
5954,3
5955,2'1/2
5956,2/3
5957,3
5958,1'1/2
5959,1
5960,1/2
5961,2
5962,2/3
5963,2
5964,3'3/4
5965,1/10
5966,2
5967,1/2
5968,5'1/4
5969,1
5970,3
5971,1
5972,0
5973,4
5974,1'5/6
5975,1/2
5976,0
5977,2'3/4
5978,1'1/3
5979,0
5980,2'5/6
5981,1
5982,8/9
5983,1/2
5984,1/3
5985,0
5986,1'1/2
5987,1
5988,0
5989,0
5990,0
5991,4
5992,3
5993,6
5994,2
5995,2'1/2
5996,2'1/2
5997,1
5998,1'1/4
5999,3'1/2
6000,3/8
6001,3
6002,1
6003,0
6004,2
6005,1'1/2
6006,2
6007,1'3/4
6008,1'1/8
6009,0
6010,5/8
6011,1/4
6012,1/2
6013,1/3
6014,0
6015,2'3/4
6016,1
6017,1
6018,2'1/2
6019,2'1/3
6020,1
6021,1/2
6022,2
6023,1'5/6
6024,1
6025,1/6
6026,5'1/2
6027,1'1/2
6028,1/3
6029,10
6030,1/2
6031,1'1/2
6032,1
6033,1/2
6034,4'1/2
6035,2
6036,1'1/2
6037,1'1/6
6038,0
6039,2
6040,1/4
6041,3/16
6042,0
6043,1/2
6044,1'3/4
6045,1
6046,1'1/2
6047,2'1/4
6048,1/2
6049,2
6050,2'1/4
6051,9
6052,0
6053,2
6054,3
6055,4'1/2
6056,1
6057,1
6058,1/6
6059,1/2
6060,1'1/2
6061,1/2
6062,3
6063,1'1/2
6064,13/18
6065,3/4
6066,1/2
6067,1'1/2
6068,3/4
6069,5
6070,2'1/2
6071,1
6072,2/3
6073,1/2
6074,3'1/2
6075,5
6076,4/5
6077,1/3
6078,1
6079,1/4
6080,3/4
6081,2/3
6082,1
6083,1
6084,2
6085,2
6086,2/3
6087,1/2
6088,1'3/4
6089,3'1/2
6090,1/2
6091,1/12
6092,0
6093,2'1/4
6094,5/6
6095,1/2
6096,1
6097,3/4
6098,1
6099,1
6100,4'1/2
6101,3
6102,1/2
6103,2
6104,3'3/4
6105,1'1/4
6106,1
6107,2
6108,1/12
6109,1
6110,2'1/3
6111,1'1/2
6112,1/2
6113,1/4
6114,3
6115,3'1/2
6116,1/8
6117,3
6118,1/4
6119,1'1/2
6120,0
6121,2
6122,2'1/4
6123,2/3
6124,1'1/2
6125,1'1/2
6126,2
6127,1'3/4
6128,3
6129,0
6130,2
6131,0
6132,0
6133,3
6134,0
6135,5'1/2
6136,2'1/2
6137,2'1/2
6138,1
6139,1/3
6140,2'1/2
6141,8
6142,3
6143,1'1/2
6144,5
6145,1/4
6146,2
6147,0
6148,1
6149,7/8
6150,3
6151,2'3/4
6152,3/4
6153,1/2
6154,2
6155,3/4
6156,2
6157,1/2
6158,2
6159,2'1/2
6160,1/2
6161,2
6162,3
6163,2
6164,1'5/6
6165,3
6166,3'1/2
6167,1/2
6168,4'1/2
6169,2'1/4
6170,4'1/3
6171,1'1/2
6172,1/2
6173,0
6174,1'1/2
6175,2
6176,1/2
6177,3'7/8
6178,0
6179,1'1/2
6180,2/7
6181,0
6182,3
6183,1/2
6184,2'5/6
6185,7/8
6186,2'1/4
6187,2/3
6188,1'1/2
6189,1'1/2
6190,0
6191,3/4
6192,1'1/2
6193,3
6194,0
6195,1
6196,1/2
6197,3
6198,4
6199,1/4
6200,1'1/2
6201,1'5/6
6202,2
6203,1'1/2
6204,2
6205,0
6206,1
6207,1
6208,3/4
6209,1
6210,8
6211,2
6212,3
6213,1
6214,6
6215,1'5/6
6216,3'1/4
6217,1
6218,2
6219,4'1/2
6220,3/4
6221,3'1/2
6222,5'1/2
6223,1/2
6224,6
6225,1/2
6226,1/2
6227,2
6228,3/8
6229,0
6230,2'1/2
6231,1/2
6232,3/4
6233,0
6234,3'1/2
6235,1'1/4
6236,1
6237,1/2
6238,2'1/4
6239,3
6240,1
6241,2
6242,5'1/4
6243,3
6244,3
6245,2/3
6246,2'3/4
6247,6
6248,0
6249,1/2
6250,0
6251,3/4
6252,1/2
6253,1'1/2
6254,1'1/2
6255,2'1/2
6256,1'1/2
6257,2/3
6258,1/14
6259,3'1/2
6260,5'1/2
6261,2
6262,2
6263,3'1/3
6264,3
6265,3'3/4
6266,3'1/2
6267,4
6268,1
6269,3
6270,3'1/2
6271,1'3/4
6272,4
6273,4
6274,5
6275,0
6276,1
6277,0
6278,1
6279,5/6
6280,1'1/2
6281,3
6282,3/4
6283,2'1/2
6284,4
6285,2'3/4
6286,1
6287,1'1/4
6288,1'1/2
6289,4'2/3
6290,2
6291,1/2
6292,0
6293,1'1/2
6294,0
6295,1/3
6296,2/3
6297,1
6298,1'1/2
6299,4'1/2
6300,1'1/3
6301,2/3
6302,0
6303,1'1/2
6304,2'1/2
6305,2'2/3
6306,2
6307,1/4
6308,1/2
6309,1'1/2
6310,2'1/2
6311,1
6312,1'1/3
6313,0
6314,1
6315,2'1/2
6316,0
6317,3'1/2
6318,0
6319,3/4
6320,2
6321,1/2
6322,1'1/2
6323,1/2
6324,1/2
6325,3'1/2
6326,3'1/2
6327,3'1/2
6328,4
6329,1/2
6330,4'1/2
6331,4'1/2
6332,1/3
6333,1'1/2
6334,1/2
6335,1'1/2
6336,1'3/4
6337,1'1/2
6338,4/5
6339,0
6340,2
6341,2
6342,2
6343,4
6344,1'1/4
6345,5'1/2
6346,2
6347,1/2
6348,1'1/2
6349,3'1/2
6350,0
6351,0
6352,1'1/2
6353,1/2
6354,1/2
6355,0
6356,2
6357,4'1/2
6358,1'1/2
6359,1/5
6360,2'1/2
6361,2
6362,1/2
6363,1/2
6364,2'1/4
6365,5/8
6366,3
6367,2'1/3
6368,1/2
6369,1
6370,2
6371,3
6372,1'2/3
6373,4'7/8
6374,0
6375,4'1/2
6376,3
6377,2'3/4
6378,1/2
6379,3'1/2
6380,1/2
6381,3'3/4
6382,0
6383,9/16
6384,3
6385,1/2
6386,2'1/2
6387,6'3/4
6388,1
6389,1/4
6390,3
6391,2
6392,2'2/3
6393,1
6394,4'1/2
6395,0
6396,3
6397,1/2
6398,2'1/2
6399,2'5/6
6400,3
6401,1/2
6402,0
6403,2
6404,3/4
6405,1/2
6406,0
6407,1'1/2
6408,4
6409,1
6410,6
6411,2
6412,0
6413,1
6414,5'1/2
6415,6
6416,4
6417,2/3
6418,1'1/3
6419,1/6
6420,1'1/2
6421,1/4
6422,2
6423,2'1/2
6424,8
6425,1/2
6426,2
6427,2
6428,2
6429,3
6430,5
6431,1'1/2
6432,10
6433,2
6434,1/2
6435,1'1/4
6436,1'1/2
6437,5'1/2
6438,4/9
6439,1/3
6440,1
6441,1/2
6442,2/3
6443,1/2
6444,8/9
6445,2'1/4
6446,2
6447,2'1/2
6448,1/3
6449,2
6450,1/2
6451,3/4
6452,1
6453,3/4
6454,2'1/2
6455,0
6456,1/6
6457,3
6458,3'3/4
6459,4
6460,0
6461,2'1/4
6462,2
6463,1'3/4
6464,5
6465,1'3/4
6466,1'1/2
6467,2
6468,2'1/2
6469,1
6470,1'1/4
6471,1/2
6472,3
6473,2
6474,2
6475,3
6476,1
6477,2'1/2
6478,1
6479,0
6480,2'3/8
6481,1/2
6482,3
6483,5
6484,1
6485,6
6486,1/6
6487,4'1/2
6488,1'1/2
6489,1'1/3
6490,3'3/4
6491,1'1/4
6492,1'1/2
6493,1
6494,5
6495,1'1/2
6496,4'1/2
6497,2/3
6498,4
6499,0
6500,5
6501,7/8
6502,4'1/2
6503,1/4
6504,3
6505,6
6506,1/2
6507,3'1/2
6508,1
6509,2
6510,2'1/3
6511,1
6512,2
6513,3
6514,2'1/2
6515,1'1/2
6516,1/8
6517,1'1/2
6518,1'1/4
6519,1/3
6520,1'1/2
6521,2'1/3
6522,0
6523,1
6524,3/4
6525,1'1/2
6526,4'1/2
6527,1'1/2
6528,0
6529,3
6530,3
6531,3'1/2
6532,1
6533,2
6534,2/3
6535,1
6536,1'1/2
6537,3'1/2
6538,2
6539,5'1/2
6540,5'1/2
6541,1'1/4
6542,2'1/4
6543,2/3
6544,3
6545,1/2
6546,3/5
6547,1'1/2
6548,1
6549,2/3
6550,2
6551,1/2
6552,2
6553,0
6554,2'1/6
6555,1
6556,6
6557,2
6558,0
6559,2'1/2
6560,3
6561,3/8
6562,1'1/3
6563,4
6564,1/2
6565,3'1/2
6566,5
6567,1
6568,1
6569,1/2
6570,1/2
6571,2
6572,3
6573,4
6574,3/8
6575,2
6576,0
6577,1/2
6578,3'1/2
6579,3'1/4
6580,4
6581,5
6582,1'1/4
6583,2
6584,2
6585,1'1/2
6586,4'1/2
6587,2'1/2
6588,1/4
6589,2'1/2
6590,4
6591,1
6592,2'1/2
6593,3
6594,2
6595,1
6596,1/2
6597,1/2
6598,0
6599,2'1/2
6600,2'1/4
6601,1
6602,3/4
6603,2'1/2
6604,1/2
6605,2
6606,8/9
6607,5'1/2
6608,1
6609,1/2
6610,2'1/2
6611,1'1/3
6612,5'1/2
6613,1/3
6614,8
6615,0
6616,1
6617,2
6618,3/10
6619,3'1/2
6620,1/2
6621,0
6622,2/5
6623,1
6624,5/8
6625,0
6626,1'1/2
6627,3
6628,3/4
6629,2'2/3
6630,1'2/3
6631,1
6632,2/3
6633,1/3
6634,5
6635,4'1/2
6636,2
6637,1'3/4
6638,3
6639,1/2
6640,5'1/3
6641,3
6642,1
6643,1'1/2
6644,1'1/2
6645,0
6646,8
6647,9
6648,0
6649,1'1/3
6650,1
6651,0
6652,1'1/2
6653,4
6654,3'1/2
6655,4
6656,1
6657,1'1/2
6658,1/2
6659,2'1/2
6660,5'1/2
6661,1/2
6662,3/4
6663,2'1/2
6664,1'1/2
6665,1/4
6666,1'1/8
6667,1'1/2
6668,1'1/6
6669,2/5
6670,2
6671,1'1/6
6672,8'1/2
6673,2
6674,1/2
6675,1'1/3
6676,3/4
6677,4
6678,8
6679,4
6680,2
6681,1/3
6682,2/3
6683,3'1/4
6684,5'1/2
6685,1/6
6686,1'1/2
6687,5'1/2
6688,1'1/2
6689,3'1/2
6690,2
6691,2
6692,1/4
6693,2'1/3
6694,1/2
6695,2'1/2
6696,6
6697,3
6698,3
6699,2
6700,3
6701,2'1/2
6702,0
6703,4
6704,3
6705,2/3
6706,0
6707,2
6708,2'5/8
6709,1'1/2
6710,3'1/2
6711,1
6712,1
6713,3/4
6714,0
6715,2
6716,1
6717,1/2
6718,1
6719,5
6720,3
6721,1'1/8
6722,2'1/2
6723,2
6724,1/3
6725,0
6726,2
6727,1'1/2
6728,3'1/2
6729,1
6730,1
6731,1
6732,3'3/4
6733,2'1/2
6734,2'2/3
6735,2
6736,3/4
6737,4'1/2
6738,1
6739,1/2
6740,3/4
6741,1'1/2
6742,3'1/2
6743,4'1/2
6744,2
6745,1
6746,2'1/3
6747,3
6748,11/12
6749,4
6750,0
6751,1
6752,0
6753,2'1/4
6754,0
6755,4
6756,4
6757,1/2
6758,3
6759,1/6
6760,3
6761,1/2
6762,1'1/3
6763,0
6764,2
6765,2
6766,1/2
6767,3
6768,2'1/2
6769,1
6770,3
6771,2
6772,4
6773,3
6774,0
6775,1'1/2
6776,0
6777,1
6778,3/5
6779,4'1/2
6780,1/2
6781,1/2
6782,0
6783,5'1/2
6784,2/3
6785,1/6
6786,1
6787,1'1/2
6788,1/2
6789,0
6790,0
6791,0
6792,5
6793,1
6794,1
6795,1'1/2
6796,1/2
6797,1/8
6798,0
6799,2/5
6800,2
6801,3
6802,1
6803,1/3
6804,1'1/3
6805,3
6806,3'1/4
6807,4/9
6808,4'1/2
6809,2'1/3
6810,2
6811,8
6812,1
6813,0
6814,4'1/2
6815,1'1/2
6816,3'1/2
6817,4'1/2
6818,1/3
6819,5'1/2
6820,1'1/6
6821,6
6822,0
6823,1/4
6824,1
6825,0
6826,1/12
6827,1/2
6828,1'1/2
6829,4
6830,4'1/2
6831,4
6832,1/2
6833,1'2/3
6834,1
6835,1/6
6836,1
6837,1
6838,3/4
6839,9/16
6840,2
6841,3'1/4
6842,1/3
6843,1'1/2
6844,1
6845,2
6846,2
6847,2'1/2
6848,3/8
6849,1'1/2
6850,2
6851,4'1/2
6852,1/3
6853,1'1/4
6854,4
6855,2'5/6
6856,1/3
6857,1
6858,1/2
6859,1/6
6860,4
6861,5/6
6862,1'1/2
6863,2'1/2
6864,1/2
6865,0
6866,0
6867,2'1/2
6868,4
6869,4'1/2
6870,2
6871,3
6872,3/4
6873,1
6874,2/3
6875,1
6876,0
6877,1'1/2
6878,3
6879,2
6880,1
6881,0
6882,1
6883,0
6884,2
6885,2
6886,1'1/2
6887,2
6888,1'1/4
6889,1
6890,2
6891,3/4
6892,4'7/8
6893,4
6894,0
6895,1'1/2
6896,1'1/12
6897,1
6898,3'3/4
6899,2
6900,1/3
6901,1/2
6902,1
6903,2'1/2
6904,2'1/4
6905,0
6906,1'1/2
6907,5/6
6908,2'1/4
6909,1/16
6910,2'1/2
6911,1/2
6912,1/4
6913,6'1/2
6914,5'1/2
6915,1'1/2
6916,2'3/4
6917,1'1/2
6918,1/4
6919,6
6920,2'1/3
6921,1/4
6922,1/2
6923,0
6924,0
6925,0
6926,2'1/2
6927,5
6928,2
6929,1
6930,2'1/2
6931,1'1/3
6932,0
6933,1/2
6934,1
6935,4'1/2
6936,4
6937,3/8
6938,2/3
6939,1'1/4
6940,1
6941,0
6942,1/2
6943,1'1/6
6944,1/2
6945,1
6946,9
6947,2'1/4
6948,1'1/2
6949,3'1/4
6950,1'3/4
6951,0
6952,1'1/2
6953,0
6954,0
6955,4'1/2
6956,1'1/2
6957,5
6958,1/2
6959,3/4
6960,2
6961,7
6962,7
6963,3
6964,2'1/4
6965,1'1/2
6966,3'1/2
6967,1/2
6968,1/8
6969,1
6970,1
6971,9/16
6972,5
6973,1/2
6974,1/2
6975,1'5/6
6976,3
6977,1/2
6978,1/4
6979,0
6980,4
6981,0
6982,0
6983,1'1/3
6984,0
6985,2
6986,3'1/2
6987,2'1/2
6988,1'1/4
6989,1'2/3
6990,2
6991,3
6992,1/2
6993,2'3/4
6994,4
6995,3
6996,4
6997,3
6998,1'3/4
6999,8
7000,1
7001,1/2
7002,0
7003,5'1/3
7004,0
7005,3
7006,1/2
7007,1/2
7008,3'1/8
7009,1
7010,2'2/3
7011,3
7012,1/2
7013,1'1/2
7014,3
7015,1/6
7016,4'1/2
7017,0
7018,3
7019,6
7020,2/9
7021,1/6
7022,0
7023,1
7024,0
7025,2
7026,1
7027,3'1/2
7028,2
7029,2'1/6
7030,5'1/2
7031,1'3/4
7032,1/2
7033,1/3
7034,4
7035,3
7036,2/9
7037,0
7038,1/2
7039,3'1/2
7040,3'1/2
7041,1/2
7042,0
7043,2
7044,0
7045,0
7046,1
7047,2'1/4
7048,2
7049,4'1/2
7050,5'1/4
7051,0
7052,3/5
7053,2
7054,2
7055,3'1/2
7056,4
7057,0
7058,1/2
7059,1'1/2
7060,1'1/2
7061,1
7062,1'1/2
7063,1'1/2
7064,3/4
7065,1/3
7066,1'5/8
7067,4
7068,1/2
7069,0
7070,2'1/4
7071,4'1/2
7072,2
7073,0
7074,1'1/2
7075,3
7076,0
7077,2
7078,3'1/2
7079,3/4
7080,1
7081,1'1/2
7082,1/2
7083,1
7084,4
7085,1/2
7086,1/2
7087,2'1/3
7088,1
7089,1
7090,2'1/2
7091,2'1/2
7092,1/5
7093,5/6
7094,5'1/2
7095,2
7096,6
7097,1/3
7098,0
7099,6
7100,0
7101,1/6
7102,2
7103,5'1/2
7104,2
7105,2/3
7106,1'1/2
7107,0
7108,1/2
7109,0
7110,2
7111,3/8
7112,1
7113,1/2
7114,1
7115,1/2
7116,1
7117,12
7118,8
7119,1/8
7120,3
7121,5'1/2
7122,1'1/4
7123,2'1/4
7124,4
7125,10
7126,0
7127,1/2
7128,1'1/2
7129,1'1/2
7130,0
7131,1'3/8
7132,4
7133,2
7134,1'1/2
7135,1
7136,3'1/2
7137,2'3/4
7138,4'2/3
7139,2/3
7140,4
7141,0
7142,0
7143,1'1/2
7144,1'1/6
7145,5/6
7146,2
7147,1'1/2
7148,0
7149,0
7150,1
7151,2
7152,1'1/2
7153,4
7154,3'3/4
7155,2
7156,4
7157,3'1/2
7158,3/4
7159,2'1/2
7160,0
7161,2
7162,2'1/2
7163,1'1/2
7164,0
7165,1'1/2
7166,3/10
7167,1'1/6
7168,10'1/2
7169,3'1/2
7170,1/6
7171,1'1/3
7172,3/4
7173,3/16
7174,3
7175,1'1/4
7176,3'1/2
7177,0
7178,0
7179,4'3/4
7180,1/2
7181,1/2
7182,5/8
7183,1/2
7184,0
7185,1/2
7186,2'1/2
7187,0
7188,3
7189,7'1/2
7190,1'3/4
7191,2'1/2
7192,3'1/2
7193,0
7194,2/3
7195,1'1/2
7196,1
7197,1
7198,4'1/2
7199,1
7200,5'1/2
7201,2
7202,1/4
7203,2/3
7204,1/3
7205,3'1/3
7206,2
7207,1'1/3
7208,1/3
7209,2'1/3
7210,3
7211,8'1/2
7212,0
7213,4
7214,3'1/2
7215,2
7216,3'1/2
7217,2'1/2
7218,0
7219,1'1/2
7220,4
7221,2'1/2
7222,3'1/2
7223,2'3/8
7224,3'1/2
7225,3
7226,1'1/2
7227,1/2
7228,1'1/8
7229,1/2
7230,1/3
7231,1/2
7232,0
7233,1'1/2
7234,3'1/2
7235,1'2/3
7236,1'1/4
7237,3'1/2
7238,2'1/2
7239,3
7240,2'1/2
7241,1/4
7242,1/2
7243,1
7244,1/4
7245,1
7246,0
7247,3'1/2
7248,0
7249,9
7250,1/2
7251,3/4
7252,1/2
7253,1
7254,1/2
7255,1'1/2
7256,5
7257,0
7258,3
7259,1
7260,0
7261,3/4
7262,1
7263,3
7264,1'1/4
7265,1/8
7266,2
7267,4
7268,3
7269,1
7270,6
7271,2'1/2
7272,1'1/2
7273,1
7274,0
7275,0
7276,1/3
7277,3
7278,1'1/2
7279,3'1/4
7280,1/2
7281,1'1/2
7282,0
7283,0
7284,2'1/2
7285,1
7286,0
7287,0
7288,0
7289,0
7290,0
7291,1/4
7292,1
7293,0
7294,3'1/2
7295,3
7296,8
7297,4
7298,0
7299,2'1/2
7300,4
7301,3
7302,0
7303,2
7304,2
7305,1'1/2
7306,2
7307,1/8
7308,3/4
7309,1
7310,2
7311,1'3/5
7312,3
7313,1'1/3
7314,1
7315,1/2
7316,3'1/2
7317,3
7318,2'1/4
7319,1/2
7320,1/2
7321,4
7322,1
7323,1/2
7324,3/4
7325,1
7326,6
7327,1
7328,7/8
7329,2/5
7330,1'1/2
7331,2'1/4
7332,1'1/2
7333,1/6
7334,2'1/2
7335,3'1/2
7336,3'1/2
7337,3
7338,1'1/3
7339,1'1/2
7340,0
7341,2'1/4
7342,1'1/2
7343,1/2
7344,1'1/4
7345,1/4
7346,2'1/2
7347,1'3/4
7348,0
7349,0
7350,1/4
7351,1/2
7352,1/10
7353,0
7354,3/4
7355,3/4
7356,3
7357,1/2
7358,5
7359,1/2
7360,0
7361,3
7362,6
7363,3
7364,2'2/3
7365,1
7366,5'1/2
7367,1'1/12
7368,2'1/4
7369,3'1/2
7370,0
7371,4
7372,2'1/2
7373,3/4
7374,1
7375,0
7376,1'1/2
7377,1'1/2
7378,3'1/2
7379,3
7380,0
7381,3/4
7382,1
7383,0
7384,2'1/2
7385,3
7386,0
7387,1/2
7388,2
7389,0
7390,1/2
7391,1'1/8
7392,2'1/2
7393,0
7394,4'1/2
7395,3
7396,1'1/2
7397,2'1/2
7398,1
7399,1'1/2
7400,1'5/6
7401,1/2
7402,8
7403,1'1/2
7404,4
7405,2'3/4
7406,2
7407,1'1/2
7408,1'1/2
7409,1
7410,1
7411,1/3
7412,0
7413,0
7414,1/3
7415,1
7416,2
7417,1
7418,1
7419,1'1/4
7420,0
7421,1/2
7422,1/2
7423,2'1/2
7424,1/4
7425,2'1/2
7426,3
7427,2
7428,3
7429,2
7430,3
7431,0
7432,0
7433,0
7434,3
7435,1
7436,4'1/2
7437,2'1/2
7438,2/9
7439,3'1/2
7440,3
7441,5
7442,3'1/2
7443,1'1/2
7444,4'3/4
7445,2'1/4
7446,1/4
7447,3
7448,1'1/4
7449,1'1/2
7450,1'1/2
7451,0
7452,2
7453,1/2
7454,1'1/2
7455,1
7456,1/2
7457,3
7458,1/2
7459,1/2
7460,3
7461,2'1/4
7462,2
7463,4'1/4
7464,2'1/4
7465,3
7466,3'1/2
7467,5'1/2
7468,4
7469,3
7470,3'1/2
7471,2'1/2
7472,0
7473,1'1/2
7474,3/4
7475,2'1/2
7476,1'1/2
7477,1/6
7478,1'1/2
7479,2
7480,2
7481,1'1/2
7482,3/4
7483,1/2
7484,3'1/2
7485,3
7486,3'1/2
7487,0
7488,1/8
7489,1'5/6
7490,1'1/4
7491,1'1/4
7492,1'1/2
7493,1
7494,1/2
7495,1/2
7496,11/12
7497,6
7498,5/6
7499,1/4
7500,1
7501,1/2
7502,3/4
7503,4
7504,1'1/2
7505,1'1/2
7506,2
7507,1'3/4
7508,1
7509,0
7510,2'3/4
7511,1
7512,1'3/4
7513,2'1/2
7514,1'1/2
7515,1/2
7516,1/4
7517,4
7518,5
7519,1/4
7520,2'1/2
7521,3
7522,5'1/2
7523,1'1/2
7524,1
7525,1
7526,3
7527,5/6
7528,0
7529,3'1/2
7530,0
7531,4
7532,3
7533,2'1/2
7534,1/2
7535,2
7536,4
7537,1/4
7538,2/3
7539,1'1/3
7540,4
7541,1'1/2
7542,0
7543,3'1/2
7544,2
7545,1'1/6
7546,3
7547,5
7548,1/4
7549,3/4
7550,1/4
7551,4
7552,3
7553,1'1/2
7554,4
7555,3/4
7556,2'1/2
7557,1/4
7558,1
7559,1'1/2
7560,1'1/4
7561,1/2
7562,0
7563,2
7564,0
7565,6
7566,2'1/4
7567,1
7568,3/8
7569,2/3
7570,1'3/4
7571,1'1/4
7572,1
7573,1'1/2
7574,4
7575,4'1/2
7576,4
7577,0
7578,11/12
7579,3
7580,1/2
7581,3
7582,1/2
7583,1'1/3
7584,1/2
7585,1
7586,1'1/2
7587,2'1/4
7588,1
7589,4'1/2
7590,2
7591,1'1/2
7592,1/2
7593,3'3/4
7594,1'1/2
7595,5'1/2
7596,1'1/2
7597,2
7598,2'1/2
7599,3
7600,3
7601,3/4
7602,3'3/4
7603,0
7604,1'2/3
7605,1/8
7606,2
7607,1
7608,1'1/2
7609,0
7610,4
7611,1'3/4
7612,1'1/2
7613,1'7/8
7614,0
7615,1
7616,5
7617,1/2
7618,3
7619,3
7620,2'1/2
7621,1
7622,1'1/2
7623,3
7624,1
7625,2'3/4
7626,0
7627,2/9
7628,2'1/2
7629,1'1/2
7630,1/2
7631,2'1/2
7632,1
7633,1'1/2
7634,3'1/2
7635,4'1/2
7636,3/4
7637,1'1/2
7638,2
7639,4'1/2
7640,1
7641,1
7642,2
7643,3'1/2
7644,2'2/3
7645,0
7646,0
7647,1'3/4
7648,0
7649,1/2
7650,3/4
7651,2
7652,1
7653,0
7654,1
7655,1/2
7656,2'1/2
7657,3/8
7658,2/3
7659,2
7660,4
7661,3/4
7662,6
7663,0
7664,2'1/2
7665,1
7666,2
7667,3
7668,2
7669,4
7670,2'1/2
7671,1'1/3
7672,3
7673,3
7674,1
7675,6
7676,0
7677,4
7678,3/4
7679,1/2
7680,3/4
7681,1'3/4
7682,1
7683,1/2
7684,1'1/2
7685,4'1/2
7686,1
7687,1/2
7688,3'1/2
7689,1'1/2
7690,1/4
7691,2
7692,1/2
7693,1'1/6
7694,3
7695,3/4
7696,0
7697,1/2
7698,3
7699,0
7700,1/4
7701,4
7702,3
7703,1/2
7704,3
7705,1'1/2
7706,0
7707,4'1/4
7708,1
7709,1'1/2
7710,3'3/4
7711,1'1/2
7712,1
7713,2
7714,2
7715,1
7716,0
7717,2'1/2
7718,2'1/4
7719,1'1/8
7720,1
7721,4'1/3
7722,2
7723,6
7724,1/8
7725,1/2
7726,3
7727,1'1/4
7728,6
7729,5/12
7730,3/4
7731,0
7732,3
7733,2
7734,0
7735,1/8
7736,1
7737,3/4
7738,1
7739,1'1/4
7740,0
7741,1
7742,0
7743,2
7744,0
7745,7'1/2
7746,0
7747,1
7748,2'1/2
7749,2
7750,2'1/2
7751,1/6
7752,2'1/2
7753,1/2
7754,1'1/4
7755,2
7756,1'1/4
7757,2'3/4
7758,1
7759,1/2
7760,3'1/2
7761,7'1/2
7762,8
7763,1
7764,0
7765,3'1/4
7766,2
7767,3/4
7768,1'1/2
7769,1'1/2
7770,0
7771,1/2
7772,1
7773,3
7774,1'1/2
7775,1'1/2
7776,4'1/4
7777,1
7778,1
7779,0
7780,1/2
7781,3'1/2
7782,1'1/2
7783,1/2
7784,1'1/4
7785,1
7786,1/2
7787,5'1/2
7788,1/2
7789,2
7790,3'2/3
7791,0
7792,1'1/3
7793,1'1/4
7794,2
7795,1'1/2
7796,2
7797,2
7798,1/2
7799,1'1/8
7800,1'3/4
7801,1/4
7802,2'1/2
7803,8
7804,1
7805,1
7806,0
7807,1
7808,3
7809,2
7810,1'1/2
7811,0
7812,0
7813,0
7814,2
7815,3'1/4
7816,2'1/4
7817,3/4
7818,1
7819,0
7820,0
7821,1/2
7822,3
7823,1/4
7824,1/2
7825,2'1/6
7826,3
7827,3
7828,1/2
7829,3'3/4
7830,1'1/2
7831,2
7832,3/8
7833,1
7834,1
7835,1'1/4
7836,1/5
7837,1/2
7838,3'3/4
7839,2'3/4
7840,1
7841,1'1/8
7842,0
7843,0
7844,4
7845,2'1/4
7846,1
7847,1/4
7848,5'1/2
7849,1/2
7850,0
7851,3'1/2
7852,1'1/2
7853,1/2
7854,1'1/2
7855,3
7856,2'1/2
7857,1'1/3
7858,1'3/4
7859,1/2
7860,6
7861,9
7862,6
7863,1
7864,1
7865,4'1/2
7866,1/6
7867,3/4
7868,3'1/2
7869,0
7870,2'11/12
7871,4'1/2
7872,0
7873,5
7874,1'1/8
7875,4
7876,1
7877,3'1/2
7878,2/3
7879,1'2/3
7880,1/2
7881,1
7882,7/9
7883,2'1/2
7884,9
7885,1'1/3
7886,1/2
7887,2'1/4
7888,5
7889,1'1/2
7890,4'1/2
7891,3'1/2
7892,1/4
7893,0
7894,2
7895,1
7896,0
7897,4
7898,0
7899,4
7900,8/9
7901,0
7902,2'1/3
7903,2'1/2
7904,3
7905,1
7906,0
7907,4'1/2
7908,0
7909,1'3/4
7910,3'1/8
7911,2'3/4
7912,1/2
7913,1
7914,2/3
7915,1'1/3
7916,4
7917,2'1/3
7918,3/5
7919,1'1/8
7920,3
7921,3'3/4
7922,4
7923,1/4
7924,1
7925,3/8
7926,1'1/6
7927,3'1/4
7928,1/2
7929,1'1/2
7930,1'3/4
7931,1
7932,1/4
7933,2'1/2
7934,2'1/2
7935,1
7936,1
7937,3
7938,4'1/2
7939,2
7940,1'1/2
7941,5
7942,0
7943,1'1/2
7944,4'1/2
7945,3'1/2
7946,2'1/2
7947,1/2
7948,0
7949,2/3
7950,3
7951,1
7952,3/4
7953,1/2
7954,3/4
7955,5
7956,4
7957,1'3/4
7958,3/4
7959,0
7960,1/2
7961,1/4
7962,4'1/2
7963,0
7964,2
7965,5
7966,1
7967,1/3
7968,0
7969,3/4
7970,1
7971,3
7972,2
7973,1
7974,4
7975,3/4
7976,1'3/4
7977,1/2
7978,2'3/4
7979,1/4
7980,3
7981,1'1/2
7982,2
7983,1/2
7984,6'3/4
7985,1
7986,4
7987,1
7988,8
7989,0
7990,1'1/3
7991,1
7992,1
7993,1'1/2
7994,2'1/2
7995,3/4
7996,3/4
7997,4/9
7998,0
7999,1
8000,1'1/3
8001,1/4
8002,8
8003,1/4
8004,2
8005,2'3/4
8006,1'3/4
8007,1/2
8008,3'1/2
8009,3/4
8010,2/3
8011,1/2
8012,3'1/4
8013,2
8014,2
8015,1
8016,1'1/2
8017,1/4
8018,2'1/2
8019,1'1/2
8020,2'1/4
8021,2
8022,2/21
8023,2/3
8024,1'1/2
8025,1/4
8026,8
8027,1/2
8028,2
8029,1
8030,1
8031,0
8032,1/2
8033,1'1/2
8034,0
8035,2
8036,1'3/4
8037,4'1/2
8038,3
8039,2
8040,2
8041,1/3
8042,1
8043,1'3/4
8044,1/4
8045,1'1/2
8046,1/4
8047,3
8048,6
8049,2'1/2
8050,2
8051,1'1/2
8052,3'1/2
8053,1/12
8054,4
8055,1'1/2
8056,6
8057,4
8058,5
8059,1
8060,2
8061,4'1/2
8062,2
8063,1/4
8064,2
8065,0
8066,2
8067,2
8068,1/4
8069,1'1/2
8070,1/3
8071,1'1/2
8072,1'3/4
8073,1/2
8074,4'1/3
8075,1'5/6
8076,2'1/4
8077,1'1/2
8078,0
8079,1
8080,1
8081,4
8082,0
8083,2
8084,1/2
8085,0
8086,1
8087,1/3
8088,1/2
8089,0
8090,1/2
8091,1/2
8092,3/4
8093,1/2
8094,1/6
8095,2
8096,2
8097,2
8098,4'2/3
8099,1
8100,0
8101,3
8102,0
8103,3
8104,1'1/2
8105,1
8106,1'1/6
8107,0
8108,1'1/4
8109,1
8110,1
8111,1'1/2
8112,2
8113,1/4
8114,0
8115,1/4
8116,5
8117,2
8118,1/2
8119,2'3/4
8120,4
8121,3
8122,2'1/2
8123,3/4
8124,1'1/8
8125,1'1/4
8126,3/4
8127,1'1/2
8128,5
8129,1'1/3
8130,2
8131,2
8132,2'5/8
8133,3
8134,1
8135,8/9
8136,1/4
8137,2'1/4
8138,1'1/2
8139,5
8140,6
8141,1'1/2
8142,2
8143,1/2
8144,3'1/2
8145,4
8146,1/2
8147,1/6
8148,1'1/2
8149,3'1/3
8150,9
8151,6
8152,3/4
8153,1'1/2
8154,1'1/2
8155,0
8156,1
8157,1/4
8158,2'1/4
8159,0
8160,2'1/4
8161,0
8162,5
8163,2'1/2
8164,4
8165,1'3/4
8166,3'3/4
8167,1
8168,1/2
8169,1/6
8170,0
8171,4'1/3
8172,1'1/2
8173,1'5/6
8174,1/4
8175,2'1/6
8176,3/7
8177,1
8178,3
8179,2
8180,4
8181,1'1/2
8182,1
8183,1
8184,1'1/2
8185,1
8186,2'1/2
8187,2
8188,2
8189,3
8190,2
8191,2'2/3
8192,1
8193,1'1/2
8194,4/5
8195,1'1/2
8196,1'1/2
8197,2'3/4
8198,1'3/8
8199,4
8200,0
8201,1'2/3
8202,4/5
8203,1'5/6
8204,1'3/4
8205,1
8206,6
8207,1/2
8208,1'3/4
8209,2
8210,1'1/2
8211,2
8212,1'1/3
8213,2'1/4
8214,0
8215,1
8216,2
8217,2'5/8
8218,5
8219,3'3/4
8220,2'1/2
8221,1/2
8222,3
8223,1'1/2
8224,1'1/2
8225,0
8226,1'1/3
8227,1/2
8228,3/8
8229,3
8230,3/4
8231,1'1/4
8232,1
8233,4
8234,5'3/4
8235,2/3
8236,1'1/2
8237,1'1/3
8238,1'1/2
8239,0
8240,1'1/8
8241,3/4
8242,1'1/8
8243,2'1/4
8244,2
8245,8
8246,2/3
8247,0
8248,0
8249,1'11/12
8250,1/2
8251,2
8252,1/2
8253,1'1/2
8254,3
8255,0
8256,1/3
8257,3/4
8258,5
8259,2
8260,5'1/4
8261,0
8262,1/2
8263,2'1/4
8264,1/2
8265,5'1/2
8266,2
8267,2'1/2
8268,7/12
8269,2
8270,3/4
8271,2'1/3
8272,3
8273,2'1/4
8274,1'1/2
8275,2
8276,2'1/2
8277,4
8278,1
8279,0
8280,0
8281,1'3/8
8282,5
8283,2'1/2
8284,1'1/2
8285,1'1/2
8286,2'1/2
8287,2
8288,0
8289,0
8290,1'1/4
8291,6
8292,0
8293,2'1/4
8294,0
8295,0
8296,1/4
8297,4
8298,0
8299,8
8300,3'3/4
8301,1'1/2
8302,1
8303,1/2
8304,5
8305,1
8306,1'1/2
8307,0
8308,4
8309,5
8310,1'1/4
8311,0
8312,1/6
8313,3
8314,4'1/3
8315,2'1/2
8316,3
8317,3'1/4
8318,1/3
8319,5
8320,2'1/2
8321,3/4
8322,3'1/2
8323,0
8324,1/2
8325,2
8326,1/2
8327,2/9
8328,0
8329,2
8330,2
8331,3
8332,1'1/3
8333,2'1/2
8334,3'1/2
8335,4'1/2
8336,3
8337,1'1/4
8338,2'3/4
8339,1/2
8340,2'1/2
8341,1
8342,4'1/2
8343,1/4
8344,1
8345,1'1/3
8346,1
8347,2'1/2
8348,4
8349,1'1/2
8350,1'1/2
8351,8
8352,2
8353,1/2
8354,0
8355,3/8
8356,3
8357,3/4
8358,4
8359,3'1/6
8360,2
8361,1/4
8362,2'1/2
8363,2'1/2
8364,1'1/2
8365,1
8366,3
8367,1/2
8368,2
8369,4
8370,2'1/2
8371,1/2
8372,1/2
8373,3
8374,2/5
8375,2
8376,0
8377,6'1/2
8378,0
8379,5'3/4
8380,2
8381,1'1/2
8382,0
8383,1'1/2
8384,1/6
8385,2
8386,1
8387,2
8388,3/4
8389,3'1/2
8390,3
8391,5
8392,1/4
8393,3'1/2
8394,6
8395,1'1/2
8396,3
8397,1/2
8398,2'1/4
8399,1
8400,5'1/3
8401,1/2
8402,1
8403,2'1/2
8404,1'1/4
8405,1/2
8406,1'1/2
8407,1'1/4
8408,4
8409,2'1/4
8410,3
8411,0
8412,2'1/6
8413,3/4
8414,3/4
8415,3/8
8416,0
8417,1
8418,1'1/2
8419,2
8420,1'1/2
8421,3/4
8422,3
8423,2'1/2
8424,1
8425,3'1/2
8426,1
8427,1'7/8
8428,1/2
8429,2
8430,0
8431,2
8432,3'1/2
8433,1'1/3
8434,7/8
8435,2'1/4
8436,3/8
8437,1
8438,1/2
8439,1/3
8440,1
8441,1'1/2
8442,1
8443,1
8444,3
8445,0
8446,2'1/2
8447,1/2
8448,0
8449,1
8450,1
8451,0
8452,1/2
8453,1'1/2
8454,1'1/2
8455,1'3/4
8456,1/3
8457,2'1/2
8458,3/8
8459,5
8460,6
8461,3'1/2
8462,4/9
8463,1
8464,4'1/2
8465,6
8466,0
8467,4
8468,1/6
8469,2'5/6
8470,0
8471,1/2
8472,3
8473,4
8474,6
8475,3
8476,7
8477,1/2
8478,1/2
8479,2'2/3
8480,1'1/2
8481,3
8482,2
8483,2
8484,0
8485,2
8486,4
8487,1
8488,5/6
8489,4'1/2
8490,1/3
8491,0
8492,0
8493,4'1/3
8494,1'1/2
8495,2'5/6
8496,2'1/2
8497,3/4
8498,1
8499,6
8500,1'1/3
8501,2
8502,7/8
8503,2
8504,1
8505,1'1/2
8506,3
8507,4'1/2
8508,3/4
8509,1/2
8510,3'1/2
8511,4
8512,4
8513,1/2
8514,2
8515,1'3/4
8516,1
8517,1
8518,1/2
8519,4'1/2
8520,0
8521,2'1/2
8522,1'1/2
8523,1'1/2
8524,3
8525,2'1/4
8526,1'1/2
8527,4
8528,2'1/2
8529,1'1/3
8530,3
8531,2
8532,1'1/2
8533,1/2
8534,1/2
8535,1/2
8536,1
8537,1/2
8538,1
8539,1'1/2
8540,2
8541,7'1/2
8542,1
8543,5
8544,1
8545,1/2
8546,0
8547,2'1/4
8548,1/2
8549,3'3/4
8550,0
8551,2'1/2
8552,3'1/2
8553,1'2/3
8554,2
8555,2/3
8556,3/8
8557,3/4
8558,2
8559,1/2
8560,2
8561,2'1/4
8562,1'1/2
8563,3/4
8564,2'1/2
8565,1/4
8566,3
8567,2
8568,1/2
8569,2'3/4
8570,2/3
8571,3'1/2
8572,3'1/4
8573,1
8574,2/5
8575,3'1/4
8576,5/8
8577,3/4
8578,2
8579,1
8580,2
8581,4'1/2
8582,1'1/2
8583,1/4
8584,1/4
8585,1/2
8586,3/4
8587,6
8588,2'2/3
8589,2'1/2
8590,3/4
8591,3'1/2
8592,0
8593,1
8594,0
8595,1
8596,2
8597,0
8598,1
8599,1/2
8600,2'5/6
8601,4
8602,1/3
8603,1'1/2
8604,1'1/2
8605,3
8606,2
8607,3
8608,3/4
8609,1/12
8610,1
8611,2'1/2
8612,3
8613,1'1/2
8614,0
8615,3
8616,4
8617,2
8618,3
8619,1
8620,2'1/4
8621,1/2
8622,2
8623,8
8624,1'1/2
8625,1/2
8626,2
8627,1/4
8628,1'11/16
8629,3
8630,3'1/2
8631,0
8632,1
8633,1'1/4
8634,1'1/4
8635,2'1/2
8636,1/2
8637,2
8638,1'1/2
8639,1
8640,1
8641,2
8642,1'1/2
8643,3
8644,3
8645,10
8646,1'1/2
8647,4'1/2
8648,1
8649,2/3
8650,1
8651,6'1/2
8652,1
8653,2
8654,2
8655,3/4
8656,0
8657,0
8658,1'1/2
8659,3/16
8660,0
8661,2/15
8662,1/3
8663,7'1/2
8664,2
8665,2
8666,5'1/4
8667,4
8668,3
8669,1
8670,0
8671,1'1/3
8672,2'1/2
8673,1'1/2
8674,2
8675,3
8676,1'1/8
8677,3/4
8678,0
8679,0
8680,2/3
8681,1/2
8682,0
8683,3/4
8684,1
8685,2
8686,4'1/2
8687,1'3/4
8688,8
8689,1'1/2
8690,2'1/2
8691,1
8692,0
8693,3
8694,4
8695,1/2
8696,2'2/3
8697,1'2/3
8698,0
8699,2/3
8700,1
8701,1/2
8702,0
8703,1
8704,1'1/2
8705,0
8706,4
8707,3'1/2
8708,2'1/4
8709,0
8710,1
8711,1/2
8712,0
8713,3'1/2
8714,2'1/4
8715,1/4
8716,1/4
8717,1'1/6
8718,3
8719,1
8720,6
8721,3'1/2
8722,1
8723,2
8724,5/8
8725,1/2
8726,4
8727,8'1/2
8728,3'1/4
8729,4
8730,1
8731,2/3
8732,1'1/2
8733,1'1/2
8734,5'1/2
8735,6
8736,2'1/2
8737,1
8738,2'1/2
8739,8
8740,1/8
8741,2'3/4
8742,2'1/3
8743,2'1/2
8744,5/8
8745,3
8746,2/3
8747,1/2
8748,1
8749,1/2
8750,2/3
8751,3/4
8752,0
8753,2'1/2
8754,5
8755,1'1/2
8756,1/3
8757,3/4
8758,2
8759,2
8760,6
8761,2'1/2
8762,8
8763,1'3/4
8764,1'1/2
8765,6
8766,2'1/2
8767,2
8768,2'1/2
8769,1/2
8770,1/2
8771,1
8772,1'1/6
8773,1'1/4
8774,2'1/3
8775,2/3
8776,2'1/4
8777,1/2
8778,2'1/2
8779,1
8780,1'1/2
8781,1/2
8782,1/2
8783,3
8784,3'1/2
8785,3/4
8786,1'1/2
8787,5/8
8788,5
8789,2'1/2
8790,1'3/4
8791,4'1/2
8792,6/13
8793,1
8794,1'1/3
8795,3'1/2
8796,2
8797,0
8798,3/4
8799,2'1/2
8800,1
8801,2'1/2
8802,1'1/4
8803,1'1/2
8804,1/2
8805,1'1/3
8806,7/8
8807,2
8808,2
8809,4
8810,2'1/2
8811,1/4
8812,9
8813,1'1/2
8814,1'1/2
8815,1'1/3
8816,0
8817,1
8818,1
8819,3'1/4
8820,2
8821,2
8822,2'1/2
8823,2/3
8824,2
8825,4
8826,2
8827,1'1/2
8828,1'1/6
8829,0
8830,3'3/4
8831,2'3/4
8832,0
8833,2
8834,1'2/3
8835,1'3/4
8836,1/2
8837,1'1/2
8838,3'1/2
8839,3
8840,3'1/4
8841,2
8842,2
8843,3/4
8844,1/2
8845,1'5/8
8846,2
8847,3/4
8848,5/6
8849,1'1/2
8850,1/2
8851,1/2
8852,3
8853,0
8854,3/7
8855,3
8856,0
8857,1'1/2
8858,1
8859,1'1/8
8860,1'1/2
8861,0
8862,4'1/2
8863,1'1/2
8864,2'1/4
8865,2
8866,1'1/2
8867,1/2
8868,1
8869,7
8870,1'1/2
8871,1'5/6
8872,8
8873,1/2
8874,1/8
8875,1
8876,5'1/16
8877,1'1/2
8878,2/9
8879,9/16
8880,3
8881,1
8882,0
8883,0
8884,1/4
8885,2
8886,3
8887,2/3
8888,1
8889,1
8890,0
8891,1
8892,0
8893,3
8894,1/2
8895,3/8
8896,6
8897,0
8898,2'1/4
8899,1
8900,1/2
8901,1/2
8902,1/4
8903,1
8904,2
8905,1/2
8906,2'1/6
8907,2'1/3
8908,2
8909,1/2
8910,3'1/2
8911,0
8912,3
8913,3
8914,3
8915,4
8916,5
8917,4
8918,5
8919,3'3/4
8920,3/4
8921,2
8922,3
8923,2
8924,4
8925,1
8926,1
8927,6'1/2
8928,1/2
8929,2/3
8930,1'1/4
8931,1
8932,3/4
8933,2
8934,2'1/3
8935,1/6
8936,2
8937,3'1/3
8938,0
8939,4
8940,2'2/3
8941,1'1/3
8942,1'3/4
8943,0
8944,0
8945,1/2
8946,0
8947,4
8948,0
8949,0
8950,2'1/2
8951,2
8952,1'1/2
8953,1'3/4
8954,2'1/2
8955,2'1/4
8956,5
8957,1'1/2
8958,4
8959,2'3/4
8960,3'1/2
8961,1'3/4
8962,3/4
8963,3'1/2
8964,3/4
8965,1/2
8966,2'1/2
8967,1'1/2
8968,0
8969,1/2
8970,1/2
8971,2
8972,1
8973,1
8974,4'1/2
8975,1/6
8976,2/3
8977,0
8978,3/4
8979,0
8980,3'1/2
8981,2
8982,1
8983,1
8984,5/6
8985,0
8986,1/3
8987,5
8988,2'1/2
8989,1/2
8990,4
8991,1'1/2
8992,0
8993,0
8994,3
8995,2
8996,2/3
8997,2'2/3
8998,1
8999,1'1/4
9000,2'1/2
9001,3/4
9002,3/4
9003,1
9004,1
9005,4'1/6
9006,1/2
9007,3/4
9008,1
9009,2
9010,2
9011,1'1/3
9012,2'1/2
9013,1'1/2
9014,2/3
9015,0
9016,2
9017,3'1/4
9018,8
9019,1'1/6
9020,4
9021,3
9022,4
9023,1
9024,2/3
9025,1
9026,2
9027,0
9028,1
9029,6
9030,0
9031,2'3/4
9032,2
9033,2'3/8
9034,1
9035,1/2
9036,3
9037,2
9038,4'1/2
9039,2
9040,3'1/2
9041,0
9042,2/3
9043,2
9044,1'1/2
9045,2'2/3
9046,2'1/2
9047,1'1/2
9048,0
9049,3/4
9050,3/4
9051,1/4
9052,1/2
9053,3
9054,1'1/2
9055,2'3/4
9056,4
9057,4
9058,1/3
9059,2/3
9060,0
9061,1'1/2
9062,0
9063,2'1/2
9064,1'1/2
9065,3/4
9066,3
9067,1/2
9068,3
9069,1'1/2
9070,4
9071,2
9072,2'1/2
9073,1/4
9074,2
9075,2
9076,1/2
9077,1/2
9078,0
9079,1/2
9080,1'1/2
9081,4
9082,3'3/4
9083,1'3/8
9084,3
9085,1/2
9086,1'1/4
9087,5'1/2
9088,1'5/6
9089,1'1/2
9090,0
9091,2
9092,0
9093,0
9094,1
9095,4'1/2
9096,2/3
9097,1
9098,0
9099,0
9100,2
9101,0
9102,2/3
9103,0
9104,1
9105,1/2
9106,1'1/2
9107,1'1/2
9108,1/2
9109,3'3/4
9110,5'1/2
9111,3
9112,1'1/2
9113,9/16
9114,5
9115,1/4
9116,3/4
9117,1/6
9118,3/4
9119,1/2
9120,3/4
9121,1'1/4
9122,0
9123,1/2
9124,1/4
9125,3/4
9126,1/2
9127,1
9128,3'1/2
9129,1
9130,1
9131,3'1/2
9132,1
9133,3'1/2
9134,1
9135,1/2
9136,3'3/4
9137,1'1/2
9138,2
9139,1/3
9140,4'1/2
9141,2'1/2
9142,4'1/2
9143,3
9144,1
9145,1/3
9146,3
9147,1'2/3
9148,2'1/4
9149,3/4
9150,1'1/2
9151,0
9152,2/3
9153,2
9154,1/3
9155,3/8
9156,7
9157,2
9158,1/2
9159,8
9160,1/2
9161,0
9162,2
9163,2/3
9164,5
9165,3/4
9166,1/12
9167,2
9168,3'1/2
9169,2'1/2
9170,1/6
9171,1/2
9172,1'3/4
9173,4'1/2
9174,0
9175,3
9176,4
9177,2
9178,2'1/2
9179,3'1/2
9180,1'1/2
9181,1
9182,1'3/4
9183,1/6
9184,4
9185,1
9186,1
9187,0
9188,4'3/4
9189,1
9190,1
9191,3/4
9192,1
9193,1
9194,1/4
9195,2
9196,2/3
9197,1
9198,1'1/6
9199,0
9200,1'1/2
9201,3'1/2
9202,3
9203,1/3
9204,1
9205,1'1/2
9206,3'1/4
9207,1
9208,1'2/3
9209,3
9210,1
9211,2'1/4
9212,1/4
9213,1/2
9214,2'1/2
9215,1'1/2
9216,2
9217,1'1/2
9218,2
9219,3'1/2
9220,1/2
9221,0
9222,1/2
9223,2'1/2
9224,1'3/8
9225,3'3/4
9226,1'1/3
9227,0
9228,4
9229,1/4
9230,3/4
9231,1/2
9232,1
9233,1'3/4
9234,2
9235,3/8
9236,1/4
9237,2
9238,0
9239,3/4
9240,0
9241,4
9242,10
9243,1/2
9244,1/2
9245,4'1/2
9246,1'1/4
9247,1
9248,2
9249,1
9250,1
9251,1
9252,6
9253,5
9254,1
9255,1'3/4
9256,2/3
9257,2/5
9258,1'1/2
9259,3
9260,1/2
9261,0
9262,2'1/2
9263,1
9264,2
9265,1/2
9266,1/8
9267,4'1/2
9268,2'1/4
9269,1/2
9270,1
9271,4
9272,1'1/2
9273,2'3/4
9274,2'1/2
9275,1'1/2
9276,1
9277,2'3/4
9278,2'1/2
9279,3'1/2
9280,0
9281,2'1/2
9282,0
9283,4'1/2
9284,1/2
9285,1'3/4
9286,2
9287,2
9288,1/2
9289,1'1/2
9290,2
9291,0
9292,1
9293,9
9294,1'1/2
9295,4
9296,0
9297,2
9298,1'1/2
9299,1/2
9300,1'1/4
9301,3
9302,0
9303,1
9304,3
9305,5/6
9306,3/4
9307,3/4
9308,6
9309,2'1/2
9310,1
9311,3
9312,1'5/6
9313,1'1/2
9314,1'1/2
9315,3
9316,2
9317,2
9318,1
9319,2/3
9320,1'2/3
9321,1'1/3
9322,1
9323,4
9324,3
9325,2
9326,3
9327,2'1/4
9328,1/12
9329,3'1/2
9330,1'1/8
9331,3'1/2
9332,1
9333,2
9334,3/8
9335,1/2
9336,4
9337,3
9338,3/4
9339,1/2
9340,3'1/2
9341,1/12
9342,1'3/4
9343,1'1/2
9344,0
9345,0
9346,2'1/2
9347,3
9348,1
9349,1
9350,7
9351,5'1/2
9352,1'1/8
9353,1'1/2
9354,8/9
9355,3'1/2
9356,1
9357,2
9358,5
9359,4
9360,1'3/8
9361,3/4
9362,3/8
9363,3
9364,1
9365,1'1/3
9366,3'3/4
9367,2'1/4
9368,0
9369,3/8
9370,2'1/4
9371,3/4
9372,1/8
9373,8
9374,1/3
9375,1'3/4
9376,1'3/5
9377,3/4
9378,1/2
9379,1/2
9380,2'1/2
9381,1'1/2
9382,2'1/4
9383,1/8
9384,4/9
9385,2'1/4
9386,1
9387,2
9388,1'1/8
9389,1/2
9390,1'1/2
9391,2/5
9392,1'5/8
9393,4
9394,1/3
9395,1/2
9396,4'1/2
9397,2/9
9398,3/4
9399,1'1/2
9400,1/6
9401,1/4
9402,1'1/2
9403,1
9404,1/2
9405,2'1/2
9406,1
9407,0
9408,1/2
9409,3'1/2
9410,4'1/2
9411,2
9412,5/6
9413,1
9414,3
9415,2
9416,4'1/2
9417,1'7/18
9418,5
9419,0
9420,1/2
9421,1
9422,1
9423,1/2
9424,7
9425,0
9426,1
9427,2
9428,0
9429,2/3
9430,4
9431,2/3
9432,8
9433,0
9434,1'1/4
9435,1'1/4
9436,2'1/4
9437,3'1/2
9438,1/2
9439,2/3
9440,2'1/2
9441,1
9442,1'1/2
9443,3
9444,0
9445,2/3
9446,1
9447,4
9448,1/4
9449,7
9450,3/8
9451,1'1/2
9452,6
9453,3/4
9454,2
9455,2
9456,1
9457,2
9458,1'1/2
9459,1'1/2
9460,1'7/8
9461,6
9462,0
9463,1/3
9464,1/2
9465,1
9466,1/2
9467,0
9468,1'1/2
9469,3/4
9470,2
9471,1'1/2
9472,2/3
9473,4
9474,1'1/2
9475,4'1/2
9476,1'3/4
9477,1/2
9478,1/2
9479,3/4
9480,1/2
9481,0
9482,2
9483,2'7/18
9484,3
9485,2
9486,0
9487,1/2
9488,2
9489,1
9490,4
9491,0
9492,2'1/2
9493,2
9494,2
9495,3'1/2
9496,1/2
9497,3
9498,0
9499,3
9500,2/3
9501,2
9502,4'1/2
9503,1/4
9504,2
9505,1
9506,1
9507,1'1/4
9508,2'2/3
9509,1'1/2
9510,0
9511,3
9512,3/4
9513,1/2
9514,1'1/2
9515,1/2
9516,0
9517,2'1/4
9518,3/8
9519,1/2
9520,1/2
9521,1'1/3
9522,1/2
9523,2'1/2
9524,2
9525,2'3/4
9526,2
9527,3'1/2
9528,1'1/2
9529,9
9530,1/2
9531,3/4
9532,4'1/4
9533,3/4
9534,2'1/2
9535,3
9536,0
9537,1
9538,1
9539,0
9540,3/8
9541,0
9542,1/4
9543,4
9544,0
9545,2'1/2
9546,1'3/4
9547,4
9548,0
9549,1'1/6
9550,3'1/2
9551,3'3/4
9552,3'1/2
9553,5
9554,1'3/4
9555,1'1/2
9556,1'1/2
9557,1/2
9558,1'3/4
9559,3
9560,1'1/8
9561,2'1/2
9562,3/4
9563,1'1/2
9564,1'3/4
9565,0
9566,1'1/2
9567,3/4
9568,0
9569,1'1/2
9570,1'2/3
9571,1'1/3
9572,5'1/2
9573,2
9574,4'1/2
9575,0
9576,2'1/2
9577,1
9578,4'1/4
9579,1
9580,3/4
9581,1
9582,8/9
9583,2'1/2
9584,1
9585,5
9586,3'3/4
9587,4'1/2
9588,1/2
9589,1/2
9590,2'1/2
9591,2
9592,2/9
9593,0
9594,2'1/4
9595,2
9596,6/7
9597,1/4
9598,4
9599,1'1/2
9600,4'1/2
9601,2
9602,2'1/4
9603,2
9604,0
9605,1/2
9606,1
9607,1/4
9608,0
9609,2
9610,1/2
9611,0
9612,1'1/2
9613,3
9614,1/4
9615,2
9616,3'1/2
9617,1'1/2
9618,4'1/2
9619,1
9620,1/3
9621,2'3/4
9622,3/4
9623,2
9624,0
9625,3
9626,3/4
9627,4
9628,1
9629,1/2
9630,1/6
9631,6
9632,3'1/2
9633,1'1/8
9634,1
9635,1'1/4
9636,1/2
9637,2
9638,2'1/2
9639,1/2
9640,3
9641,2
9642,1
9643,4
9644,3'3/4
9645,0
9646,0
9647,1'1/2
9648,1'1/2
9649,0
9650,2
9651,2'1/3
9652,0
9653,1/3
9654,5
9655,2
9656,2'1/4
9657,1/2
9658,2
9659,1
9660,4'1/2
9661,2'1/4
9662,6
9663,2
9664,0
9665,1/3
9666,4
9667,4
9668,3'1/2
9669,0
9670,3
9671,3'1/2
9672,1'1/4
9673,2'1/6
9674,2
9675,1'1/3
9676,1
9677,1
9678,0
9679,2
9680,4'5/6
9681,3'1/2
9682,2
9683,1
9684,3/4
9685,2'1/2
9686,2'1/2
9687,3/4
9688,1
9689,1
9690,2/3
9691,1
9692,0
9693,1'1/2
9694,1
9695,2'1/2
9696,3/4
9697,2/3
9698,4
9699,3
9700,1/2
9701,0
9702,1
9703,1'1/8
9704,1
9705,1
9706,1'1/2
9707,1
9708,1/2
9709,2'1/6
9710,4
9711,4'1/2
9712,1/5
9713,3'1/2
9714,1
9715,4'1/2
9716,3/4
9717,1/2
9718,1
9719,0
9720,1/2
9721,3/4
9722,2'1/2
9723,2
9724,1/2
9725,1/3
9726,1/2
9727,4
9728,3
9729,1'1/3
9730,0
9731,1'1/2
9732,3'1/2
9733,1/2
9734,2
9735,1
9736,1'1/7
9737,0
9738,1/3
9739,1
9740,4
9741,3
9742,3'1/2
9743,2
9744,1'1/4
9745,1
9746,2
9747,2
9748,1/3
9749,1/2
9750,1'1/4
9751,1/2
9752,4'1/2
9753,2
9754,1
9755,2'1/4
9756,2
9757,1/2
9758,1/2
9759,2'1/2
9760,1
9761,2'1/2
9762,2
9763,4
9764,3'1/2
9765,3
9766,6'1/2
9767,1'1/2
9768,4
9769,0
9770,5
9771,4'1/2
9772,1'1/2
9773,3
9774,1/4
9775,1'1/2
9776,2'1/2
9777,1
9778,2/3
9779,2
9780,0
9781,5
9782,0
9783,1
9784,1
9785,0
9786,1'1/3
9787,1/3
9788,2
9789,1/2
9790,1/2
9791,3
9792,1'1/2
9793,2'1/2
9794,3
9795,2
9796,1
9797,2
9798,1/2
9799,1'1/2
9800,5
9801,1/2
9802,1/3
9803,1/4
9804,2'1/2
9805,4
9806,1'3/4
9807,6
9808,1
9809,4
9810,1
9811,3/4
9812,12
9813,4'1/2
9814,8
9815,1/4
9816,1'1/2
9817,4
9818,1
9819,1/4
9820,1/2
9821,1/2
9822,1'2/3
9823,1'1/2
9824,1'2/3
9825,0
9826,2'1/4
9827,0
9828,4
9829,3'1/6
9830,1'1/2
9831,1'1/2
9832,0
9833,2
9834,1
9835,4
9836,2'1/2
9837,3
9838,3'1/2
9839,4'1/2
9840,1'1/2
9841,2/5
9842,2
9843,1/4
9844,3
9845,5'1/2
9846,0
9847,1
9848,1'3/4
9849,0
9850,2'1/4
9851,2'5/6
9852,1/2
9853,0
9854,1/2
9855,0
9856,1'1/2
9857,3
9858,1'1/3
9859,1
9860,3
9861,3
9862,2
9863,2
9864,4
9865,2'3/4
9866,3
9867,2'1/2
9868,1'1/2
9869,5'1/2
9870,7/8
9871,1
9872,2'1/2
9873,3
9874,1'1/2
9875,3/4
9876,7'1/2
9877,1
9878,1/2
9879,2
9880,2
9881,4
9882,2
9883,1
9884,1'1/8
9885,1'1/2
9886,2
9887,1'5/6
9888,1
9889,1/4
9890,3/4
9891,6
9892,1
9893,1/2
9894,2'2/3
9895,2/3
9896,1
9897,1/4
9898,1'1/3
9899,1
9900,1/2
9901,1/2
9902,1
9903,1'1/4
9904,3/16
9905,6
9906,3
9907,1/2
9908,2'1/4
9909,0
9910,6'1/2
9911,6
9912,1/3
9913,1'1/3
9914,5/6
9915,1/4
9916,1'1/3
9917,3'1/2
9918,1'3/4
9919,4
9920,1'1/2
9921,1/2
9922,1
9923,3
9924,1'1/4
9925,1'1/3
9926,1'3/4
9927,1
9928,4/5
9929,2
9930,1/2
9931,2'1/3
9932,3
9933,2
9934,2
9935,5/6
9936,0
9937,1'1/2
9938,1
9939,1
9940,8'1/2
9941,0
9942,2
9943,1'1/4
9944,0
9945,2
9946,4'1/2
9947,4
9948,2
9949,1'1/2
9950,5
9951,1
9952,1
9953,0
9954,1/2
9955,3
9956,1/2
9957,0
9958,3'1/2
9959,3
9960,1'1/4
9961,0
9962,3
9963,0
9964,3/4
9965,1
9966,5'2/3
9967,1
9968,3'3/8
9969,2
9970,1/2
9971,0
9972,2'1/2
9973,3'1/2
9974,1
9975,3/4
9976,1/2
9977,3'1/2
9978,3
9979,5/8
9980,1/3
9981,7/8
9982,5/6
9983,4
9984,2
9985,4
9986,3
9987,0
9988,3/4
9989,1
9990,1'1/2
9991,1'1/2
9992,5/8
9993,1'1/4
9994,2'1/2
9995,1'1/6
9996,2'1/6
9997,1/4
9998,6
9999,1/6
10000,1'1/3
